933 2760
309 736
738 542
304 411
304 32
103 432
527 583
571 776
474 141
96 322
794 888
327 698
514 616
566 849
440 335
352 102
133 175
104 860
17 827
494 113
828 668
209 135
876 147
826 382
265 453
524 188
428 233
599 7
826 794
189 106
216 451
434 83
824 543
623 242
267 180
615 852
780 47
235 901
492 730
595 24
498 528
585 927
552 890
747 127
360 139
231 802
373 305
319 853
358 175
124 846
867 224
460 698
355 586
710 803
259 711
702 121
265 378
505 400
519 909
795 806
31 760
785 509
786 389
646 869
63 829
268 365
430 740
697 390
723 178
573 385
117 458
299 686
158 729
489 761
792 477
561 925
819 507
323 382
381 97
718 751
740 245
189 4
637 272
769 796
112 31
458 231
188 713
925 502
844 746
119 927
64 193
317 785
412 523
605 446
405 548
373 234
49 857
691 141
503 891
253 79
716 809
77 353
96 571
830 143
687 770
893 458
439 286
785 660
418 682
330 536
222 95
334 237
358 741
797 86
293 810
807 570
111 747
638 839
99 426
172 268
413 65
325 314
629 876
463 570
477 493
376 329
855 592
434 268
27 428
111 862
701 330
653 808
350 8
137 16
619 577
266 669
300 61
443 663
118 728
213 769
876 416
149 877
517 142
760 834
337 460
559 745
851 928
193 646
911 625
18 55
519 303
651 383
102 608
177 500
659 856
109 722
802 769
164 541
612 920
923 867
231 67
620 687
34 198
236 14
772 242
630 657
753 440
834 343
412 52
859 325
476 871
829 677
247 239
636 145
873 580
214 653
98 464
290 286
241 372
189 524
467 461
460 348
195 213
309 877
92 216
555 720
754 768
149 724
315 180
850 601
583 589
126 733
371 333
834 430
344 222
808 728
37 64
185 383
314 288
668 380
63 528
600 825
913 537
550 269
866 643
306 835
538 627
9 826
728 446
194 358
624 767
203 508
488 147
474 876
389 559
46 79
382 594
593 498
224 822
544 789
92 923
712 75
198 192
881 628
165 334
535 323
892 580
601 451
859 29
804 253
695 894
420 924
789 826
115 659
584 933
670 87
747 509
710 643
403 57
401 502
700 96
459 312
904 613
461 637
710 388
395 874
285 711
180 118
435 230
312 179
613 689
210 602
544 134
563 857
825 821
715 562
592 728
275 340
828 383
759 435
75 825
805 889
694 364
567 849
453 466
881 1
916 459
21 254
245 592
38 425
439 297
3 684
78 926
125 291
927 730
619 408
219 42
184 120
147 547
688 115
63 256
874 764
726 885
785 101
8 94
401 242
713 222
215 911
325 256
697 303
699 31
863 510
477 453
746 581
449 182
692 246
16 452
719 326
738 258
421 627
739 400
25 672
456 910
323 112
711 75
56 74
809 524
645 361
495 406
212 259
456 489
4 620
703 802
82 95
652 394
229 284
339 897
820 59
141 139
841 557
382 801
255 61
440 605
332 539
722 472
614 129
883 461
905 726
67 779
235 890
346 395
533 336
591 718
704 72
119 658
157 774
506 270
878 595
365 388
372 29
227 818
428 292
762 697
143 933
424 879
332 840
666 175
903 643
831 358
728 498
311 649
42 309
116 582
19 631
684 855
291 677
787 808
709 729
835 724
650 540
159 268
533 612
715 577
661 74
907 454
253 589
164 710
703 239
9 316
194 864
729 283
859 651
56 438
628 527
561 5
800 200
505 927
269 857
241 777
552 789
458 524
243 15
128 481
766 260
251 386
623 239
55 249
256 609
721 840
459 753
872 129
49 637
377 88
929 283
363 534
645 173
297 383
321 609
167 12
869 434
880 59
139 477
160 806
126 650
345 366
74 916
185 469
521 339
461 117
7 628
49 424
69 490
90 474
736 825
609 846
252 799
580 12
671 343
51 886
530 306
34 549
699 451
864 823
131 437
890 827
466 345
476 725
76 370
186 101
116 297
206 725
64 585
623 571
376 304
826 795
77 205
776 609
100 207
301 901
342 132
862 741
683 527
374 366
687 528
544 258
83 723
429 454
732 676
400 223
21 188
908 831
653 391
195 444
583 539
579 884
624 85
74 157
312 128
242 692
146 649
729 850
491 828
71 903
112 892
296 830
261 399
902 663
856 417
413 665
213 876
363 179
222 250
134 619
725 667
549 536
530 147
925 293
652 348
122 876
103 329
74 830
236 353
918 507
44 121
448 396
394 814
143 50
882 40
789 748
441 854
812 707
500 762
895 841
677 134
57 806
790 16
295 153
617 528
687 93
856 738
484 739
897 862
830 591
340 916
767 186
509 598
865 709
96 240
632 34
481 135
597 134
859 100
673 171
33 641
50 545
471 83
837 272
795 632
725 34
734 639
219 107
55 641
336 632
465 239
853 334
781 161
486 681
363 62
132 497
349 789
722 273
301 380
173 535
782 757
894 94
382 889
36 436
55 504
917 13
39 98
351 235
353 536
204 848
357 549
618 721
250 471
271 127
845 720
118 664
548 407
317 611
799 291
69 439
712 485
895 394
882 630
115 435
558 901
346 227
529 385
322 641
138 350
539 40
278 188
720 604
374 341
651 107
715 894
552 855
57 95
117 18
388 708
173 752
321 901
837 212
747 417
641 476
897 647
772 244
280 703
633 627
728 829
172 875
86 77
914 293
222 193
310 645
74 601
530 703
604 844
756 79
680 335
365 139
21 217
496 848
743 257
529 606
478 632
219 263
662 338
59 779
8 700
295 80
724 527
286 920
195 302
618 350
254 890
455 890
169 66
558 217
656 33
713 491
70 343
453 341
681 754
246 286
544 225
453 486
6 451
375 693
838 589
585 511
326 655
776 110
25 715
344 613
327 274
38 835
704 586
243 165
183 589
113 422
922 826
354 287
891 108
49 65
213 899
549 436
398 559
366 117
820 922
733 659
863 19
425 502
695 899
85 777
46 513
806 492
39 407
498 887
870 777
714 848
327 589
772 315
477 555
884 925
97 485
5 623
924 545
390 312
377 34
621 436
55 420
848 177
582 768
272 802
626 349
773 800
685 521
910 662
399 472
240 516
669 53
85 643
283 528
893 44
400 143
792 853
63 220
696 711
715 383
74 77
607 752
21 680
224 556
923 362
494 906
247 256
840 540
655 484
142 660
277 878
441 797
498 333
227 483
1 868
724 229
139 483
623 465
341 626
329 116
96 312
275 348
721 553
541 244
252 2
877 391
329 177
222 499
386 88
242 501
281 39
489 225
467 488
549 912
552 748
309 246
594 526
192 849
690 61
230 66
642 440
862 263
61 113
312 912
545 588
762 24
250 631
310 782
574 465
906 756
373 48
873 178
330 299
127 700
844 386
411 530
929 481
804 429
163 649
86 3
712 775
147 560
829 20
820 40
634 361
13 604
175 573
714 884
3 17
538 115
561 434
228 138
29 636
662 461
123 558
367 394
210 179
746 474
363 313
861 703
280 61
165 32
652 224
532 385
68 932
839 7
110 806
291 72
578 418
229 119
514 519
658 672
146 621
684 672
496 777
218 83
558 121
228 612
892 738
680 637
915 502
133 349
464 487
748 788
306 665
790 154
188 291
558 166
306 479
809 614
184 586
424 89
857 370
196 434
314 478
5 506
25 609
154 842
29 590
908 343
639 288
97 859
495 215
704 857
317 41
33 740
842 558
15 458
883 182
638 577
786 822
36 179
863 873
371 260
409 428
889 839
501 94
546 736
230 34
468 137
531 579
288 511
487 817
891 603
30 501
126 500
557 839
635 43
543 98
780 784
430 259
801 509
624 205
807 116
365 801
907 415
804 667
608 230
225 356
243 141
407 475
871 567
909 729
676 477
311 895
224 622
406 90
483 491
893 769
18 412
316 435
464 460
673 597
359 789
819 284
140 686
511 304
258 500
3 766
175 788
300 420
549 284
453 375
457 844
497 485
740 636
300 315
922 886
729 197
91 70
53 771
592 246
204 351
424 648
883 622
263 11
456 718
199 622
225 474
32 204
453 239
917 773
112 431
707 859
101 200
747 7
488 344
913 102
742 621
497 843
575 111
299 672
122 773
820 70
288 95
269 606
295 546
21 819
425 218
890 853
542 58
907 164
678 554
921 858
685 412
72 122
426 404
864 321
907 208
389 134
815 163
599 854
31 624
32 743
2 216
832 798
427 594
669 570
928 514
33 482
119 340
90 245
334 257
273 774
385 122
21 828
581 601
880 697
353 543
834 871
778 552
749 526
219 527
201 8
296 223
134 121
409 654
818 137
657 269
777 887
10 932
136 759
466 568
755 655
277 69
595 54
5 923
83 928
63 3
429 756
53 540
904 587
495 265
820 704
343 526
509 743
789 400
616 155
501 147
50 790
460 728
869 238
88 866
786 722
695 864
682 515
424 185
444 164
372 697
104 135
599 74
374 144
666 421
794 331
923 869
376 886
379 553
213 722
36 672
794 1
269 38
143 390
322 616
369 570
135 343
928 220
549 548
566 578
237 440
97 749
187 217
137 439
432 629
662 801
661 807
276 401
151 690
925 39
298 422
340 355
676 197
895 467
455 295
343 664
389 303
580 54
304 751
469 391
880 50
309 504
735 289
330 95
75 679
918 249
154 794
84 735
264 124
489 137
269 635
44 624
262 268
764 748
127 390
327 192
324 595
428 179
892 53
747 407
17 547
860 539
2 450
311 588
846 207
900 447
259 49
557 138
78 584
409 106
160 544
108 814
434 25
399 323
183 694
438 186
719 95
261 145
645 148
101 111
213 80
583 177
877 404
199 93
183 807
693 545
503 854
343 488
689 131
734 381
540 609
727 795
505 131
305 433
344 63
520 599
921 15
467 644
726 880
125 129
348 718
535 346
887 120
925 347
345 890
31 38
569 907
95 5
751 311
523 672
501 482
388 330
686 810
598 664
585 543
368 188
166 323
885 164
777 235
319 660
912 467
15 773
913 46
17 241
292 842
386 112
332 852
295 160
814 286
707 160
156 732
584 586
324 752
532 807
592 864
295 490
576 324
707 636
524 156
393 57
484 523
582 633
406 785
796 86
728 820
466 543
531 876
806 845
722 180
478 525
897 665
481 463
525 919
221 927
274 731
496 130
722 656
501 836
464 672
836 697
102 604
496 678
603 690
107 508
145 148
509 534
711 650
132 780
540 590
244 360
264 358
263 669
52 144
73 576
607 903
296 151
706 350
339 795
784 65
732 372
589 221
826 241
368 372
295 86
261 759
584 419
517 108
280 332
846 728
336 727
358 376
913 247
143 654
150 886
579 249
505 722
283 796
825 153
811 410
170 635
337 505
302 739
653 265
411 673
254 539
220 82
129 856
811 868
533 663
741 491
438 143
448 248
42 134
768 716
474 872
715 929
257 902
866 898
25 354
795 863
309 588
471 767
8 800
8 373
10 885
820 252
469 453
36 181
484 473
681 883
367 112
814 497
278 862
213 405
345 927
860 311
202 748
385 463
480 390
389 399
124 589
142 2
588 393
366 43
6 345
761 638
541 691
656 264
896 754
770 215
59 132
242 220
423 298
225 551
650 183
526 54
673 126
413 614
737 598
685 804
724 340
797 362
585 288
597 29
452 631
307 857
675 551
644 885
496 174
792 459
559 122
448 257
726 883
374 825
490 900
114 59
646 32
265 734
861 283
219 348
575 427
8 210
23 830
816 650
671 201
855 316
401 340
369 611
550 245
362 508
269 96
58 917
848 138
410 22
911 284
450 342
237 370
555 763
274 585
632 22
243 426
303 501
472 61
369 907
65 847
875 385
27 336
154 750
803 727
93 800
847 668
581 598
785 526
183 211
186 117
818 846
562 610
708 402
250 22
603 748
710 704
517 692
917 106
920 911
42 417
411 892
268 181
861 18
724 715
46 262
18 785
766 433
72 712
737 157
847 357
903 69
404 922
35 429
120 681
700 73
738 244
192 875
511 48
585 799
755 619
537 732
315 26
647 757
687 290
525 590
654 601
696 282
399 682
145 575
845 678
630 562
331 788
371 854
299 213
190 516
232 571
599 269
643 719
571 186
321 348
612 339
578 8
245 631
374 239
598 496
35 799
179 930
418 428
510 325
349 729
668 588
794 819
501 280
927 363
656 816
535 118
242 814
282 799
447 566
748 561
57 745
168 804
687 566
134 594
625 460
653 344
51 861
677 460
134 822
753 94
36 302
592 220
442 456
438 164
676 321
145 271
682 485
746 653
903 796
869 156
417 632
807 346
753 503
99 468
814 504
15 242
36 920
54 299
36 419
774 495
705 834
374 823
118 820
835 633
472 572
713 706
56 646
699 531
439 482
560 379
100 12
780 414
130 698
596 812
918 541
245 288
551 229
474 578
402 125
130 150
369 246
429 226
689 368
230 762
375 440
505 636
877 523
198 403
184 189
248 809
279 253
218 318
410 124
871 786
29 427
144 32
606 581
682 922
524 328
140 495
273 43
804 582
863 787
607 494
22 48
26 777
45 550
246 740
781 370
661 146
202 873
370 554
777 909
887 101
692 930
234 77
346 124
115 313
23 128
813 125
707 93
856 769
679 363
175 880
568 42
456 114
933 222
756 493
628 599
76 180
719 887
322 720
762 285
857 76
605 758
932 748
311 58
921 687
721 314
85 760
514 550
35 172
806 680
633 870
227 30
120 505
284 642
28 847
13 82
472 610
610 14
186 793
703 348
585 852
783 212
437 477
349 75
556 869
260 716
134 279
236 118
330 392
376 846
561 650
691 615
525 612
710 266
408 63
449 734
564 142
451 750
508 434
453 479
184 647
223 388
761 611
183 94
896 784
110 14
706 155
224 291
244 753
5 701
61 432
227 485
284 76
506 180
733 513
448 459
385 804
591 687
420 235
110 883
320 48
67 572
66 556
931 903
186 271
718 683
542 559
266 874
323 855
324 36
888 208
459 346
245 491
797 430
433 526
585 409
491 871
40 888
476 209
761 927
511 928
303 394
413 235
583 452
255 909
537 660
280 747
924 665
581 163
780 597
184 241
295 525
227 712
139 919
887 261
508 448
520 474
591 913
926 24
433 202
703 182
58 713
793 335
540 52
707 883
9 676
866 723
672 467
393 259
837 50
509 716
75 820
673 612
819 567
688 243
282 198
598 448
785 552
200 866
755 838
518 700
810 909
871 804
593 443
248 521
337 645
351 531
176 921
175 137
565 166
514 517
126 50
330 98
518 211
147 376
483 803
353 286
461 307
799 894
502 479
430 168
678 840
508 664
550 228
588 628
275 668
883 179
4 200
759 182
389 167
841 80
713 572
241 908
681 229
408 125
463 794
563 200
68 828
145 423
350 791
652 869
101 505
447 717
918 798
75 873
871 737
753 616
629 253
457 522
373 299
66 920
765 751
32 733
159 842
454 19
369 617
210 453
195 251
587 672
922 880
191 63
728 63
208 209
201 590
27 198
64 588
780 453
467 399
126 325
719 240
4 190
228 842
378 500
431 354
303 537
380 330
713 848
8 499
906 91
634 836
488 38
878 271
758 730
427 766
905 623
444 489
518 503
472 143
91 269
680 510
772 635
758 317
208 52
502 127
413 741
478 898
724 161
542 488
857 576
878 629
921 163
23 504
867 699
172 291
84 250
145 394
240 323
762 712
634 517
913 512
159 180
270 404
753 496
588 568
578 166
246 535
728 327
326 866
431 852
696 880
471 642
405 394
651 53
449 637
106 341
607 70
845 247
104 846
355 449
285 384
214 302
289 530
39 53
348 251
649 120
526 733
492 910
221 41
170 842
886 880
499 238
887 425
326 75
50 326
506 132
329 389
147 394
521 332
480 822
338 150
653 770
197 556
309 567
383 175
926 486
703 790
560 96
711 82
302 526
121 770
699 628
362 636
339 833
241 93
316 491
745 815
102 618
803 30
236 133
594 137
580 180
76 62
731 407
237 599
440 60
188 796
492 650
118 16
176 129
289 650
195 690
341 319
826 624
75 690
231 533
299 205
645 388
319 6
585 97
215 540
57 499
149 605
497 212
102 407
283 862
734 447
864 23
301 846
620 282
589 443
463 745
524 925
428 668
622 118
713 826
492 674
627 787
702 629
335 286
139 453
745 22
709 56
142 65
682 90
556 567
902 250
690 727
572 170
59 345
208 604
262 163
431 872
527 690
437 135
420 286
25 458
445 839
284 542
511 730
151 917
762 644
84 37
800 350
396 758
607 203
384 859
171 5
442 3
192 900
663 90
919 257
631 428
833 64
84 334
625 706
489 416
343 69
264 927
224 546
488 531
930 3
804 99
273 154
848 376
42 28
795 61
544 897
83 178
467 305
468 195
822 140
639 399
691 310
563 621
73 134
471 880
328 559
184 308
573 668
152 349
10 202
345 863
195 852
452 878
164 848
773 693
580 917
506 345
786 682
661 154
917 341
421 208
919 561
867 714
716 591
728 79
102 702
505 525
16 443
489 715
534 454
370 126
323 332
787 711
189 395
371 600
869 505
834 269
727 789
529 313
56 523
171 450
577 85
481 376
532 244
706 828
876 39
509 245
226 172
120 663
908 439
488 101
822 158
591 599
124 482
228 111
636 809
267 150
162 416
199 414
881 323
458 532
663 97
893 518
144 421
625 732
718 926
494 281
814 429
501 515
615 388
139 154
859 523
785 428
183 646
558 265
612 670
668 325
911 931
601 683
375 848
379 750
676 261
14 676
513 592
643 212
863 559
628 491
666 930
583 34
798 595
913 846
720 198
23 336
281 287
138 432
505 710
384 16
920 695
137 760
392 112
448 125
563 683
855 498
568 233
548 903
514 297
173 457
441 82
120 677
319 81
728 665
415 312
842 417
734 30
510 307
742 235
891 757
836 714
375 261
585 846
680 86
532 927
628 692
675 491
465 922
28 654
750 105
257 672
331 427
495 411
281 401
743 58
139 136
675 298
877 922
364 883
828 239
496 789
705 809
561 890
449 893
636 652
108 931
732 184
19 297
849 508
922 472
723 880
262 810
795 872
554 225
405 807
261 98
100 619
912 112
544 229
683 73
541 43
377 91
271 883
881 80
627 33
666 780
519 738
460 341
281 523
42 422
38 109
286 323
471 221
880 221
555 662
405 191
673 583
431 37
859 828
522 29
257 504
41 59
685 920
757 56
706 319
394 51
566 851
38 151
77 755
405 913
183 121
138 60
238 389
138 218
59 709
839 464
805 320
358 44
861 302
437 401
185 104
421 119
738 741
116 324
655 791
14 563
56 251
382 354
574 458
908 107
260 57
110 823
660 878
780 437
323 161
78 703
390 381
710 810
235 572
325 781
90 329
295 560
578 633
631 737
227 743
127 113
618 803
509 465
610 60
262 799
873 489
47 138
602 904
933 602
697 884
40 401
812 713
891 887
124 895
530 406
858 59
768 303
199 257
576 813
210 112
9 592
342 453
89 239
643 730
735 831
242 439
825 570
541 530
232 101
549 39
37 686
867 915
422 484
127 555
257 792
424 621
411 889
251 563
895 844
329 720
387 71
154 819
554 580
105 154
261 722
724 459
284 143
730 830
127 505
56 342
37 284
369 143
831 577
81 306
918 707
122 219
750 636
753 320
92 316
647 590
294 835
723 591
54 706
119 576
447 514
88 737
214 97
808 335
807 515
425 334
744 609
618 304
509 737
831 761
99 48
501 817
854 160
306 151
845 909
518 70
99 129
650 134
301 400
735 116
596 785
687 300
564 762
284 511
31 263
916 152
24 698
465 227
84 710
275 414
811 749
630 419
116 524
462 560
727 561
90 553
716 806
571 45
650 692
161 575
348 932
628 89
663 447
85 681
120 518
54 854
428 345
399 701
236 625
516 920
224 105
81 123
236 661
196 391
469 47
90 308
900 817
104 931
191 91
790 682
540 536
244 845
372 375
191 615
621 856
163 481
629 94
407 105
545 103
599 172
674 408
788 400
755 744
278 781
428 487
533 244
643 575
439 826
740 341
823 543
865 151
867 481
63 410
230 926
30 810
234 379
397 29
129 266
651 397
246 84
46 433
639 840
801 537
345 932
567 785
604 541
862 98
744 605
739 143
389 453
159 123
430 121
751 458
154 560
374 97
571 506
183 517
316 637
658 304
363 129
97 650
296 70
597 333
570 20
446 379
86 194
495 757
739 180
852 526
635 560
599 558
85 479
854 199
70 726
227 869
192 832
431 692
623 639
330 128
690 415
122 112
50 830
566 789
166 872
887 124
646 12
785 255
862 511
649 133
377 151
235 650
608 399
851 302
138 399
690 592
414 80
347 31
668 232
724 301
840 802
782 901
343 849
344 796
383 655
22 782
685 145
634 30
375 288
507 450
804 225
163 251
608 279
166 553
314 430
535 8
892 841
185 692
471 724
721 153
403 393
904 529
796 519
395 723
529 132
693 19
787 905
755 604
352 751
281 390
192 434
411 365
645 33
594 821
903 648
80 658
249 458
718 697
440 400
114 27
349 832
246 548
448 336
855 513
643 401
222 390
63 423
908 571
43 471
640 408
624 317
695 247
226 643
247 59
910 930
108 739
632 753
502 570
851 571
236 191
758 129
471 383
654 817
676 809
915 755
163 886
557 90
902 693
300 453
484 773
440 320
456 893
4 798
551 767
611 737
856 573
658 271
569 741
538 386
629 190
99 594
207 285
356 67
618 378
711 278
400 434
626 801
515 325
383 172
478 789
1 389
771 87
886 380
290 531
922 145
662 77
192 621
485 217
179 206
857 30
168 91
920 64
868 798
81 68
486 296
47 790
111 325
89 4
628 553
562 390
229 410
28 622
452 802
181 914
327 151
37 771
132 765
69 845
372 438
211 61
565 577
698 553
368 219
353 796
120 438
871 573
460 671
766 832
452 413
715 391
578 40
599 239
879 797
400 117
649 565
332 573
277 465
353 766
102 334
377 266
640 570
132 305
117 797
320 561
905 861
906 926
345 226
261 728
516 20
883 500
578 432
915 897
786 624
105 738
254 520
424 841
38 133
51 746
492 931
753 15
895 147
445 105
525 4
357 199
659 677
161 530
933 601
516 473
630 701
115 151
280 459
410 665
106 706
613 119
166 412
926 587
466 592
268 452
210 756
270 303
3 113
932 22
101 862
249 43
232 45
642 766
19 324
8 211
611 665
883 183
142 130
237 256
186 472
828 524
244 342
247 124
682 155
713 457
253 384
521 619
242 915
748 750
102 751
639 831
624 588
825 299
55 112
688 136
924 41
809 128
836 859
303 156
416 331
107 217
18 553
648 614
186 685
653 65
566 344
162 489
402 800
643 480
650 106
831 794
201 674
136 630
161 362
785 813
456 464
37 34
202 841
504 444
531 602
416 920
224 178
370 413
259 137
499 67
580 867
16 839
291 335
369 809
745 693
728 901
87 372
146 358
348 609
297 632
155 873
923 476
265 396
598 734
655 556
413 209
285 668
434 643
492 379
609 877
132 164
579 258
407 482
687 412
557 126
780 543
620 452
584 573
549 64
839 689
517 604
155 506
212 761
72 22
633 475
686 335
373 357
653 680
670 606
766 819
486 908
13 276
560 264
155 878
616 396
329 598
529 491
368 923
539 587
60 155
226 143
891 92
323 654
90 248
736 245
21 662
462 71
433 88
538 365
667 758
100 605
216 573
453 198
788 290
882 539
749 916
165 349
60 146
321 698
397 197
312 313
554 36
749 32
626 301
316 443
171 712
762 278
28 598
674 663
235 378
779 218
323 751
927 806
15 87
220 682
594 411
337 319
178 28
126 115
418 325
789 135
404 102
615 181
489 616
255 773
809 860
493 731
812 440
342 512
163 805
240 433
242 854
166 743
480 122
118 438
104 192
140 902
699 401
857 92
522 768
115 341
504 810
891 662
819 616
362 901
549 447
897 377
758 623
851 187
528 860
927 106
472 525
396 638
266 747
648 69
513 37
916 244
661 482
153 141
36 739
724 649
109 917
679 521
853 929
565 247
162 907
471 361
314 107
297 420
763 924
395 422
931 248
915 146
400 624
681 462
845 493
151 732
318 119
261 916
808 370
662 637
865 615
702 644
776 144
64 130
872 751
193 290
683 723
799 589
229 634
787 384
786 562
72 358
900 319
151 787
814 138
10 363
727 490
17 896
381 597
890 170
488 763
268 233
351 791
137 802
462 324
218 490
139 156
782 344
802 225
27 329
190 903
48 210
34 627
698 884
773 305
774 10
467 495
671 493
567 26
329 498
531 309
497 558
24 394
621 813
765 883
650 469
135 645
11 277
518 228
646 498
338 418
102 28
397 336
114 732
878 132
762 205
716 233
375 52
740 719
350 446
616 437
148 222
413 300
218 132
861 56
371 855
402 63
311 27
153 566
30 719
53 374
771 833
900 302
133 883
407 291
357 655
223 75
188 255
762 795
872 482
877 879
257 818
648 817
78 79
150 616
642 19
234 770
53 206
481 410
872 886
562 238
434 349
594 687
821 799
570 587
166 507
872 346
800 535
