1000 9875
416 288
308 246
608 308
375 174
590 375
259 571
897 569
977 786
912 991
247 707
207 774
541 34
359 971
86 129
803 891
843 774
695 825
223 40
635 184
67 162
872 618
346 613
114 713
740 277
523 761
284 211
71 245
41 34
478 9
170 710
515 710
38 337
296 112
317 774
981 367
842 151
67 860
361 575
662 885
455 521
461 486
153 811
5 970
488 311
409 141
801 827
822 591
624 194
619 57
729 521
732 888
804 93
184 914
795 311
941 228
779 265
500 55
933 157
128 901
973 368
339 479
15 920
297 637
129 109
370 507
261 632
707 968
361 4
346 368
629 51
78 171
634 987
140 570
604 247
516 32
271 800
882 497
112 961
258 941
689 343
428 509
75 669
590 177
298 785
698 979
302 953
543 261
5 84
622 262
255 891
552 872
212 942
583 617
246 645
601 954
693 74
307 771
492 381
790 878
702 152
668 280
796 325
815 475
726 2
674 937
26 712
854 166
86 186
501 283
122 224
286 937
549 877
754 477
350 16
903 810
740 664
504 928
821 633
124 556
536 711
929 798
373 13
635 275
799 634
400 58
113 171
520 859
648 272
11 592
781 44
1 602
18 536
25 332
656 154
50 137
435 577
572 6
884 784
853 539
32 755
162 702
405 10
742 301
524 112
745 339
909 938
306 577
538 948
651 383
817 75
874 12
803 8
806 985
438 509
495 4
243 87
760 107
262 175
656 358
766 129
285 367
257 301
392 532
508 224
661 140
241 411
333 459
621 632
497 194
910 532
18 500
794 769
464 420
927 751
401 405
899 658
937 619
994 524
522 803
462 802
256 559
773 6
722 686
464 706
808 615
520 315
744 793
17 487
808 502
517 402
518 629
613 569
796 79
869 911
621 222
786 437
808 389
521 712
49 562
614 873
133 754
107 233
661 102
792 845
614 760
340 889
737 448
162 881
839 841
700 497
169 367
795 431
801 882
398 672
790 230
832 936
671 673
966 487
163 406
37 433
921 230
79 10
279 468
196 342
646 624
116 13
33 599
128 845
935 594
940 996
408 237
284 832
784 376
242 758
423 271
246 948
64 910
138 397
525 527
34 234
418 141
312 504
977 506
426 384
372 452
567 293
310 822
684 7
371 772
781 923
310 929
115 267
759 754
996 128
744 185
962 272
456 672
780 641
877 643
588 506
61 598
171 250
524 692
800 746
707 108
91 931
609 802
21 916
587 643
843 797
312 931
152 588
762 679
544 350
284 89
506 473
587 272
74 677
324 548
518 710
615 387
299 636
843 631
69 622
776 408
620 170
477 729
169 24
334 834
374 67
891 855
216 93
978 833
550 70
572 394
666 579
14 956
748 203
549 950
259 184
832 150
714 198
73 214
221 502
442 389
581 374
224 309
760 487
404 936
79 238
136 890
709 99
16 208
988 190
805 592
976 734
645 935
101 499
509 14
1 221
989 260
749 987
299 555
414 35
91 338
388 666
650 373
23 725
391 785
984 811
882 458
275 264
223 710
461 205
154 663
915 256
556 30
82 200
975 996
389 385
724 239
129 761
234 616
91 225
328 749
845 56
494 222
132 421
761 965
442 250
157 22
307 953
772 725
980 858
394 587
214 88
109 398
570 992
807 973
555 124
596 864
530 306
126 979
289 480
271 304
406 537
248 829
69 689
195 522
217 70
119 7
221 534
493 785
519 531
784 568
786 502
626 365
554 222
130 953
4 179
529 276
714 792
911 742
937 127
478 153
170 598
870 655
799 641
710 356
13 12
515 854
623 793
819 492
110 995
936 48
495 559
888 713
135 910
991 869
895 14
398 664
516 475
704 171
638 484
529 848
896 637
624 338
220 133
407 587
671 782
429 399
50 964
569 844
344 729
914 797
495 882
222 734
560 953
500 804
785 520
346 462
571 27
310 45
334 167
985 813
825 660
348 263
738 667
854 537
251 564
362 743
557 198
412 145
279 960
558 701
472 694
366 86
591 411
510 386
925 211
673 826
627 431
973 231
831 25
7 971
12 803
911 145
775 36
510 864
665 575
854 453
485 558
623 264
990 17
476 778
422 160
207 650
14 46
688 773
844 457
283 91
729 63
255 271
221 747
120 514
123 649
643 376
259 99
494 860
249 83
784 706
268 499
731 871
308 988
572 419
205 776
494 899
80 851
210 670
173 298
447 863
820 224
352 710
751 381
97 240
297 470
59 714
615 850
541 875
391 260
33 872
72 978
418 674
383 286
790 74
349 410
166 752
334 374
870 868
999 64
343 764
549 305
20 705
771 779
704 294
478 689
146 625
230 22
33 586
585 101
948 945
879 655
827 32
663 670
392 823
34 340
487 530
664 963
243 86
229 471
67 260
31 353
825 688
972 513
185 849
77 227
462 359
889 569
319 186
561 815
930 124
676 584
626 783
533 449
833 623
464 22
376 706
863 607
703 998
601 612
91 151
565 961
668 544
733 604
56 175
902 792
887 250
449 282
29 132
161 15
469 77
911 26
245 224
588 434
629 207
427 457
446 375
948 29
545 863
752 881
948 140
92 830
598 196
160 298
917 812
476 524
807 584
558 566
339 892
47 55
578 387
303 921
452 549
126 596
92 604
800 674
905 593
981 294
32 284
274 512
168 3
80 968
776 450
282 438
304 451
446 770
126 310
277 272
727 792
709 509
838 147
802 695
715 676
883 518
75 709
810 880
278 954
603 138
853 574
762 504
675 387
822 342
606 681
555 681
628 481
791 489
337 184
563 630
802 770
660 420
628 16
205 449
133 612
384 6
647 127
440 251
551 995
545 117
8 609
232 223
660 105
328 754
826 337
76 336
4 757
556 970
389 61
63 42
206 614
318 124
105 625
470 427
790 906
111 431
83 882
392 77
731 370
604 764
536 836
97 658
792 494
706 12
913 366
290 999
455 483
756 854
669 809
653 612
527 191
174 255
40 893
353 490
66 131
500 570
654 54
123 704
921 645
403 922
924 264
893 456
106 629
785 86
950 145
911 915
607 131
224 488
222 167
60 70
425 839
942 348
473 131
321 662
527 962
179 880
201 1000
383 496
919 116
61 364
743 336
376 386
174 53
856 140
197 124
130 39
59 375
757 84
461 567
429 25
651 472
980 356
675 302
287 28
76 801
521 948
719 57
97 282
797 991
889 806
928 914
323 840
125 492
642 172
519 374
812 252
764 517
840 205
774 320
613 504
975 705
444 783
464 992
33 348
692 207
809 842
45 397
928 751
621 942
656 574
640 490
147 178
171 72
104 117
234 760
109 508
882 60
4 888
955 712
996 52
707 443
250 70
55 875
630 227
100 848
503 181
749 189
159 985
735 382
319 519
13 984
808 398
890 903
652 753
249 340
545 775
588 931
647 858
317 509
174 772
307 485
255 507
38 706
204 555
987 992
14 284
393 293
738 114
166 491
668 718
690 241
126 511
680 935
719 334
260 523
101 675
927 381
517 336
110 851
753 544
224 210
875 497
903 388
705 389
196 280
141 393
895 414
435 660
957 551
855 494
890 92
534 19
918 178
314 304
708 258
121 424
271 524
53 76
34 160
493 509
760 960
387 836
294 513
45 352
53 119
926 91
802 189
140 564
300 456
58 157
332 780
849 254
418 293
997 159
46 805
498 198
850 627
318 421
835 221
449 266
412 186
927 757
607 315
517 777
721 230
904 322
315 885
464 329
601 952
485 557
679 37
555 91
464 728
212 654
268 936
694 546
553 590
545 293
557 794
389 952
504 708
507 971
473 207
701 335
278 480
208 620
874 773
526 138
412 382
948 344
435 135
35 381
75 156
225 36
199 823
537 796
274 650
296 110
978 630
761 382
283 376
502 364
838 394
487 248
804 270
404 668
151 417
279 236
692 635
480 249
883 580
596 31
690 100
469 703
369 84
754 927
582 169
681 648
175 441
426 761
773 704
984 599
414 350
822 331
115 981
738 602
686 234
154 955
563 790
304 100
286 148
54 912
285 324
197 252
3 235
111 982
665 478
881 497
343 35
499 281
682 635
221 880
42 730
338 979
764 787
30 443
54 301
712 317
540 531
100 10
655 834
74 941
91 857
203 771
502 797
952 106
424 707
132 156
627 703
372 981
29 308
783 95
532 477
290 960
761 591
428 950
394 866
790 696
900 40
243 977
619 566
856 484
50 359
322 448
972 394
390 869
65 354
174 828
550 427
207 316
500 298
706 749
531 490
829 209
278 89
192 154
232 983
321 570
260 8
325 82
685 498
776 594
934 585
583 471
145 645
998 10
222 629
888 369
462 132
463 373
67 564
953 592
512 967
448 658
552 456
148 403
295 540
408 320
141 506
875 810
513 291
651 157
999 325
715 786
534 330
58 115
738 721
963 300
177 359
766 163
586 525
128 109
755 910
920 249
39 604
133 756
342 298
414 231
346 217
882 311
275 351
938 485
298 836
372 629
747 675
254 625
404 296
777 818
924 935
122 242
722 37
643 465
964 416
696 702
901 401
954 106
464 386
963 356
195 754
125 621
237 115
717 169
356 717
670 353
194 422
810 108
167 473
960 529
887 78
456 784
74 675
365 352
649 187
159 721
47 759
490 563
217 153
338 639
880 454
880 484
339 795
692 797
287 475
331 399
574 473
338 417
415 295
944 198
438 972
165 780
197 539
95 463
443 934
429 135
464 453
550 689
700 864
258 384
943 61
79 232
872 882
671 788
358 17
416 279
456 25
111 699
353 887
500 962
871 205
249 582
451 286
409 716
418 973
456 104
774 438
8 849
614 177
212 86
340 986
694 249
751 504
341 960
959 347
123 629
121 749
915 621
989 548
718 98
479 618
371 885
746 321
604 157
417 109
493 314
498 80
744 376
872 349
449 700
871 657
879 122
293 611
954 815
741 101
765 383
271 28
972 959
260 259
209 429
655 186
91 897
790 919
5 81
527 508
703 957
199 159
368 409
576 670
739 890
955 937
226 795
999 692
284 191
30 591
91 687
661 759
226 906
544 491
950 799
620 167
313 714
117 340
59 33
861 597
694 848
634 209
136 732
526 457
618 330
217 407
92 517
18 672
477 989
350 341
5 934
923 175
395 982
444 377
893 582
269 834
201 20
19 871
606 836
111 622
514 234
666 25
996 800
443 160
651 455
232 717
139 171
432 447
569 850
70 385
809 528
131 543
171 602
94 554
129 98
992 54
447 334
909 613
521 689
710 595
660 204
91 94
128 452
590 180
759 519
561 914
599 958
410 910
582 808
778 405
13 648
964 504
416 190
147 62
350 987
850 515
837 775
180 62
350 874
469 24
221 967
757 693
974 990
482 405
347 581
411 915
751 551
203 469
97 586
112 9
865 589
518 543
939 630
279 9
924 450
568 364
680 870
74 477
573 500
744 621
999 783
875 261
433 298
446 868
500 800
375 182
6 712
279 348
743 155
729 505
609 147
165 597
210 958
541 794
807 774
819 744
606 800
576 499
616 980
701 581
158 832
324 104
471 139
898 267
628 62
614 121
237 586
148 77
612 618
974 81
940 33
485 832
85 758
17 894
641 68
38 532
664 227
202 878
56 694
341 973
531 629
147 380
130 763
445 639
66 372
202 988
967 542
859 177
702 345
982 185
927 744
346 919
184 102
826 413
740 123
373 638
423 143
253 452
232 279
263 865
142 82
329 585
493 838
423 543
905 228
800 30
731 566
606 422
5 331
832 283
92 943
226 37
113 482
532 675
96 294
974 676
680 890
486 764
468 312
533 732
572 182
477 182
560 662
334 289
231 107
195 58
935 873
797 840
482 735
232 758
799 270
306 401
625 693
718 506
645 832
85 577
194 686
880 819
598 864
323 878
810 912
279 695
549 88
65 285
935 732
516 834
432 667
615 308
211 594
395 299
163 983
336 257
586 361
452 447
626 990
609 724
973 75
423 110
3 241
267 962
647 465
145 709
822 144
608 300
664 110
100 88
891 447
301 735
68 766
255 828
55 912
405 705
891 300
530 442
752 758
290 515
562 875
52 301
514 966
165 358
97 656
61 821
190 907
285 909
969 964
775 342
522 648
373 884
981 117
216 177
774 838
859 138
75 214
131 328
331 552
23 366
407 15
639 478
731 899
697 535
666 590
784 115
978 940
596 259
635 367
288 492
645 480
871 264
84 78
175 369
692 909
655 875
282 434
939 860
652 275
144 122
73 164
273 410
774 762
685 463
837 170
819 691
213 640
344 593
607 560
240 546
429 424
362 235
862 646
872 898
923 526
304 94
710 741
975 707
723 282
802 151
196 250
474 452
777 627
745 71
379 321
397 802
949 853
297 509
717 409
208 183
880 990
109 361
260 381
133 905
981 725
266 298
988 515
517 787
320 575
412 199
280 804
586 68
74 994
777 42
711 370
14 166
151 987
977 560
411 950
854 72
435 60
700 624
792 635
614 970
807 935
598 147
90 647
762 920
946 355
361 769
982 685
144 809
358 454
916 779
259 8
392 872
706 675
909 510
32 926
963 467
574 506
907 789
838 63
253 629
608 620
827 970
371 502
620 970
559 599
487 436
272 171
291 153
407 727
933 797
838 217
116 188
789 491
6 527
136 793
839 429
215 415
456 54
334 59
119 803
140 720
128 776
419 283
186 114
828 677
651 164
547 23
492 806
812 113
751 629
588 904
747 588
569 668
185 171
449 750
577 466
621 912
677 910
100 597
327 517
264 645
194 858
836 285
656 939
198 882
255 871
987 501
916 405
481 814
25 748
191 187
967 970
643 784
881 269
20 305
974 96
794 856
69 880
786 792
420 750
38 181
185 359
169 810
646 308
720 560
942 879
565 140
288 104
604 678
769 927
799 947
450 692
53 457
458 155
355 535
672 61
13 843
827 667
807 673
652 614
355 382
446 523
143 525
964 187
5 705
681 50
844 682
688 902
616 464
549 75
746 635
193 617
946 105
822 956
40 484
631 624
10 644
743 154
658 964
733 384
440 857
572 2
295 741
791 224
633 20
617 639
10 535
667 98
32 759
516 585
59 46
443 207
797 788
176 962
763 774
819 536
513 453
951 111
37 763
461 991
813 10
372 206
56 930
448 662
56 647
733 211
257 432
59 780
206 77
420 21
48 27
301 839
320 996
560 134
372 492
580 201
854 568
581 784
565 699
87 75
345 536
474 444
347 166
945 717
587 812
370 965
419 738
167 64
8 727
337 797
673 219
418 438
117 806
814 358
322 26
154 258
622 145
787 444
237 141
528 315
126 927
425 172
522 770
949 321
825 339
130 619
477 576
77 518
464 597
726 925
854 198
126 889
331 135
819 154
30 791
839 39
990 913
904 956
783 492
17 5
344 856
257 935
990 179
666 269
648 304
917 636
22 80
408 420
10 696
482 621
876 349
726 360
707 729
305 125
966 362
682 298
348 53
738 397
358 506
196 481
956 427
576 70
589 778
409 856
853 797
384 471
681 900
521 895
25 872
12 903
138 393
553 200
784 395
241 554
367 94
833 814
426 396
263 371
217 513
931 477
256 195
989 591
556 54
827 144
357 485
730 833
531 656
949 225
716 684
973 219
133 916
727 44
42 478
624 871
998 705
379 115
39 373
989 898
647 572
619 466
18 246
130 988
293 308
636 200
48 929
692 74
514 886
243 830
762 786
579 952
711 175
118 41
567 137
536 660
829 17
580 905
401 771
126 631
970 217
383 108
849 920
649 996
524 752
303 815
588 751
875 93
625 630
53 965
956 250
390 752
211 53
656 230
10 374
714 420
2 1000
476 87
848 836
244 43
502 32
301 92
710 824
315 507
153 440
620 88
484 457
572 827
235 679
489 85
287 942
127 687
812 255
957 994
230 172
713 326
741 732
738 755
150 621
484 303
105 22
33 337
536 376
833 778
587 871
842 772
510 622
636 296
802 118
470 232
368 558
775 971
61 517
172 930
711 591
938 249
387 891
117 798
498 816
730 510
686 847
1000 434
798 773
414 626
769 513
990 557
682 226
873 410
350 34
78 703
571 830
99 916
125 736
381 854
318 433
475 961
248 931
13 371
416 993
296 343
408 945
806 109
234 373
175 935
433 435
326 454
355 466
249 187
356 889
412 571
678 172
952 608
352 700
780 366
862 807
586 429
844 613
3 159
757 132
406 200
690 127
749 544
936 195
866 796
614 486
170 775
68 462
141 390
235 920
435 665
384 389
628 262
46 509
31 332
72 152
609 87
862 611
3 458
261 722
300 120
192 16
140 721
626 690
239 133
167 744
943 231
379 526
594 39
888 248
462 271
73 620
223 550
314 488
449 749
159 634
471 436
293 948
789 799
423 49
63 30
726 458
877 694
971 561
313 191
423 134
688 285
906 172
692 381
855 131
911 157
554 378
440 54
981 857
506 315
142 965
804 353
682 198
526 340
138 532
602 17
674 930
125 644
700 934
701 475
312 137
635 91
908 667
48 873
14 50
143 330
971 125
421 20
388 355
355 272
435 549
251 451
522 4
734 203
934 210
296 194
973 696
596 469
17 24
435 313
199 816
184 631
645 406
919 219
98 453
425 883
654 585
284 375
175 187
161 793
884 639
151 418
889 423
563 930
982 936
235 245
733 366
257 971
979 146
861 202
810 664
281 110
875 946
884 908
560 970
887 779
780 199
323 884
362 914
995 619
650 727
390 474
104 613
270 828
257 439
793 229
832 525
364 735
621 849
819 825
470 967
258 539
850 929
565 698
419 532
239 127
812 485
834 685
980 851
910 622
290 283
341 956
734 829
82 1000
604 613
181 980
610 742
497 39
26 791
59 63
960 520
7 713
599 275
857 176
346 280
131 449
739 180
815 363
193 8
993 162
748 830
613 618
203 499
624 474
131 545
729 31
216 70
92 937
239 938
407 90
801 555
97 822
62 532
786 336
735 887
738 57
259 208
135 957
173 266
347 658
709 360
840 537
434 886
357 868
444 291
687 353
896 650
842 218
220 218
257 832
851 104
83 210
536 50
352 989
77 464
421 942
278 809
172 484
324 63
325 258
381 980
901 841
187 225
536 454
157 457
31 432
750 952
733 822
868 515
957 846
262 140
764 620
451 69
847 886
25 792
501 983
119 520
263 370
926 54
713 322
306 979
971 667
441 56
129 842
574 580
915 762
134 229
232 195
178 786
54 200
423 249
319 952
713 357
289 253
697 232
327 349
241 228
982 888
741 223
1000 87
79 523
730 96
6 217
241 117
408 120
731 374
513 575
311 798
627 649
243 656
173 793
484 686
678 930
825 366
423 672
961 126
190 792
359 643
551 403
329 500
806 70
847 926
339 687
781 316
91 490
285 685
917 851
403 926
939 688
75 848
246 130
876 13
948 386
911 574
515 865
610 161
115 709
745 862
27 907
836 675
213 940
895 128
448 787
83 701
300 333
18 605
112 384
757 80
371 397
297 530
1 310
742 44
90 734
954 263
640 844
263 35
317 543
641 375
58 419
963 380
214 550
884 521
676 863
695 173
453 578
811 944
372 438
745 180
802 149
894 279
699 775
293 959
225 668
834 610
525 959
826 142
557 366
891 492
132 418
152 352
959 63
983 421
863 659
310 561
169 931
31 269
271 142
990 530
561 678
212 630
306 144
327 103
274 113
352 881
369 181
887 47
528 788
411 904
381 418
269 298
326 293
237 374
75 103
592 139
722 770
526 178
614 859
886 156
196 832
565 505
624 907
397 87
201 686
58 801
330 10
293 134
118 933
250 229
785 54
917 977
222 135
188 19
28 452
782 741
508 816
115 590
847 257
408 622
779 630
693 939
535 100
3 303
358 161
602 771
641 689
126 221
166 856
171 974
475 722
141 534
777 697
702 311
987 465
832 999
578 782
334 168
817 178
379 513
175 824
453 550
699 178
441 166
43 310
760 964
552 560
366 232
422 654
780 608
622 110
721 56
519 133
461 381
854 764
200 731
904 503
337 832
245 740
565 1000
859 199
532 231
809 574
555 206
318 56
122 921
379 58
471 573
90 443
218 372
419 951
316 969
959 829
866 411
78 779
389 932
284 107
14 51
346 755
290 811
995 114
174 693
66 834
801 413
587 428
184 393
826 824
994 422
631 959
300 763
174 804
568 367
60 155
444 58
362 479
991 236
911 630
60 450
713 934
724 481
163 275
248 137
999 238
103 53
505 286
362 241
839 897
642 479
877 26
755 634
40 373
480 108
372 42
210 957
317 631
780 113
603 958
340 712
141 425
400 877
628 283
149 942
227 886
780 400
864 433
576 357
500 773
618 877
680 451
827 404
205 472
941 484
689 395
963 308
825 699
826 100
683 836
902 465
134 111
79 599
176 177
450 304
507 321
125 242
732 414
825 804
366 132
383 814
613 523
685 880
500 586
780 516
603 491
649 596
891 404
824 347
199 429
589 101
368 631
792 249
321 295
582 922
950 670
94 556
392 86
569 122
420 524
77 691
227 26
620 648
281 918
356 510
30 635
321 871
734 751
556 203
138 600
648 246
761 595
123 330
105 843
203 498
355 271
891 833
505 254
859 935
307 432
382 596
183 541
402 420
279 46
56 568
374 488
365 555
593 968
981 289
293 155
783 483
883 751
930 870
387 294
779 536
338 328
157 235
467 20
417 831
3 214
775 620
615 877
692 714
326 952
650 918
68 263
987 635
36 229
618 181
943 552
432 122
894 30
182 138
85 949
860 9
128 242
208 416
315 644
244 358
285 292
873 35
655 543
416 428
612 664
538 551
632 310
299 125
691 811
971 619
94 750
439 733
169 377
708 794
945 515
776 303
553 863
720 184
992 979
902 878
834 848
787 474
424 532
886 612
684 147
895 766
270 119
494 401
718 738
740 667
282 513
664 85
285 906
288 146
821 872
629 461
66 795
456 747
123 342
861 732
425 936
174 749
1000 532
140 389
88 110
490 590
382 624
70 140
347 927
425 825
818 768
822 856
593 820
119 778
300 594
411 491
892 736
141 190
552 251
572 230
369 677
903 526
406 34
135 928
508 668
235 188
92 323
697 889
297 872
793 864
150 39
406 157
603 841
69 61
735 520
332 82
483 983
913 600
371 170
153 483
375 754
366 331
107 676
20 885
594 174
261 16
686 294
305 377
983 699
54 92
145 784
591 367
993 948
43 461
65 812
379 469
793 768
833 776
6 98
428 666
637 110
650 923
90 787
533 403
755 520
721 979
573 914
869 43
175 5
129 966
885 785
617 147
12 821
821 57
768 187
290 691
879 247
555 229
424 609
385 749
170 141
557 527
850 539
502 814
964 535
986 235
237 83
522 841
155 352
655 55
783 98
164 754
75 393
798 549
884 427
40 975
717 939
170 318
463 983
875 511
947 922
144 925
499 995
606 268
878 625
240 901
882 588
576 260
213 990
931 543
252 820
706 721
321 629
196 615
378 654
780 511
273 963
378 753
641 519
207 22
304 287
656 196
857 581
508 535
560 867
490 137
254 102
158 843
909 528
617 819
634 627
854 928
160 668
547 24
305 357
894 417
147 390
111 953
24 507
423 461
253 408
202 886
976 877
738 709
775 137
635 672
335 694
618 318
871 544
894 643
915 349
789 797
475 56
315 938
411 555
48 303
177 909
971 563
590 299
39 99
410 600
48 702
195 289
654 81
124 740
614 21
481 924
160 183
972 46
792 444
21 982
53 598
568 163
308 358
812 982
248 863
377 701
412 307
570 736
844 455
725 217
522 591
943 509
711 113
87 699
770 581
623 613
148 977
754 468
912 394
593 594
184 576
257 559
449 595
761 257
245 144
173 403
636 583
395 921
814 356
746 614
305 884
602 962
224 260
904 624
338 244
567 997
434 803
426 344
337 436
214 786
864 451
385 415
358 477
101 61
920 452
849 418
611 735
745 337
817 76
770 346
516 874
798 372
341 759
841 727
881 994
661 36
423 497
934 910
626 950
183 465
647 422
600 825
621 625
911 477
418 322
721 27
930 387
926 250
285 18
894 526
749 682
642 725
994 916
316 648
47 520
428 766
41 362
467 103
323 464
244 809
626 235
899 667
437 376
39 404
562 835
464 298
527 387
341 156
821 226
165 334
891 424
496 155
82 776
801 350
621 437
14 157
15 204
78 868
285 598
809 836
446 84
829 409
297 120
26 422
891 832
700 682
368 131
187 601
994 75
723 635
983 407
339 770
781 359
731 808
109 916
628 900
365 554
761 285
36 58
329 48
408 568
10 724
671 537
174 35
72 613
2 144
519 981
762 288
174 146
712 597
732 904
600 440
418 704
770 109
809 401
31 156
625 681
521 335
999 499
695 597
34 259
658 713
79 801
984 935
17 517
676 805
413 287
36 452
755 996
133 622
814 687
945 780
676 692
479 637
599 796
637 73
608 177
155 968
686 596
51 651
324 765
509 679
848 511
168 897
688 328
568 211
65 785
195 360
604 980
551 255
920 779
797 91
786 972
753 263
436 245
132 238
631 290
303 263
655 210
751 645
455 72
458 508
593 367
674 1000
144 547
877 47
456 789
220 45
4 55
635 5
853 70
66 792
928 99
511 966
368 80
585 649
863 130
889 259
815 428
612 772
790 443
265 784
842 26
36 981
520 794
117 14
444 338
529 220
378 730
400 904
936 234
754 849
205 603
743 223
837 150
948 849
741 970
279 497
16 215
770 480
239 509
727 536
429 309
874 100
127 511
680 269
461 996
798 317
340 999
346 356
2 696
811 946
314 134
734 274
654 944
894 277
83 477
190 412
172 895
779 161
599 800
2 705
565 752
531 576
107 850
366 189
439 691
206 682
815 888
741 276
881 660
533 259
574 753
264 892
103 887
601 47
609 839
384 44
317 346
844 77
24 451
869 750
194 310
419 616
352 994
408 948
613 745
134 658
247 831
620 315
655 468
70 796
626 356
221 640
38 510
723 578
100 515
925 558
875 399
394 950
975 663
2 391
130 368
898 608
288 524
331 430
294 566
207 243
504 874
442 416
278 26
317 992
672 721
451 562
434 828
55 172
206 296
443 54
323 524
875 971
144 489
112 573
865 81
701 715
942 207
410 420
895 277
550 944
828 306
896 149
872 994
284 784
586 876
819 91
571 16
977 281
725 977
119 684
34 186
881 965
807 469
811 926
479 548
831 467
453 847
290 387
366 238
389 349
941 672
559 785
640 181
545 366
773 487
901 306
45 657
578 577
25 583
997 153
708 204
105 273
582 813
34 783
588 426
950 257
367 881
189 593
264 688
412 176
218 195
809 572
894 973
78 670
192 601
543 944
468 766
949 361
385 637
242 479
763 3
67 168
714 581
861 658
424 267
554 191
247 771
964 953
678 123
148 978
312 576
457 6
464 907
967 411
576 780
494 795
961 838
335 42
122 458
838 396
962 170
805 221
554 991
701 924
773 639
248 284
581 422
981 508
842 82
625 418
53 905
426 73
426 961
592 990
795 328
859 222
993 55
294 533
154 227
927 492
54 840
885 370
197 848
714 330
96 45
918 848
131 638
279 686
85 927
36 417
537 124
93 688
116 215
79 461
580 166
747 415
646 825
793 155
209 44
932 98
628 217
774 157
940 173
450 161
934 720
197 198
254 607
542 24
447 220
730 792
68 647
234 683
53 117
842 938
717 46
494 153
26 995
384 637
705 735
815 534
851 969
799 210
748 539
345 216
200 757
238 781
5 404
298 174
83 972
618 983
531 52
958 405
565 285
805 270
143 683
346 549
165 280
523 825
721 514
198 169
473 862
221 712
369 605
743 583
585 637
586 270
61 208
320 86
896 879
89 671
478 491
118 786
466 275
598 552
71 616
22 84
979 179
227 950
738 367
358 156
126 136
76 933
37 441
295 645
427 533
814 99
942 148
600 299
799 245
85 124
841 7
475 257
112 581
520 556
980 446
818 305
799 803
111 786
702 851
906 860
319 481
585 411
567 31
693 562
774 351
387 885
851 312
855 256
20 945
572 614
441 220
707 793
530 770
821 257
498 38
962 505
285 68
34 964
241 264
48 24
594 268
480 916
579 96
410 595
66 341
150 603
21 555
425 466
977 813
116 751
445 783
677 676
959 549
143 120
132 239
578 427
854 4
412 111
530 454
126 959
346 413
803 838
937 942
385 929
961 450
815 411
948 248
242 802
313 754
890 331
303 100
252 588
208 554
482 201
412 700
643 296
438 676
844 671
203 353
630 136
204 522
250 204
947 94
142 508
667 47
232 938
885 103
353 62
889 92
763 631
819 265
115 996
101 459
482 833
550 570
934 677
473 255
166 819
794 120
210 899
50 984
107 265
846 268
477 439
120 639
172 459
755 7
893 783
742 124
335 958
448 722
803 456
55 271
811 949
565 590
175 918
39 157
348 426
567 369
391 670
391 709
983 64
309 97
721 977
404 347
137 352
986 471
971 521
517 909
792 132
560 416
467 854
824 277
879 241
38 819
405 736
617 290
29 212
251 108
59 259
904 316
557 670
32 471
549 542
477 531
4 901
522 710
482 395
299 707
792 143
164 579
327 241
592 142
991 30
78 861
428 590
784 560
525 888
397 451
476 604
442 732
777 381
709 634
988 671
394 951
914 318
679 578
762 20
213 988
877 453
645 463
101 859
853 300
601 259
53 948
59 315
304 422
801 818
667 881
511 313
314 871
120 938
637 603
253 850
534 187
654 619
727 801
707 661
504 440
876 560
861 388
590 706
918 181
107 464
427 746
907 164
709 208
893 787
719 907
831 589
353 518
980 613
785 657
91 438
578 332
972 533
510 428
850 953
923 783
548 432
586 591
542 307
437 223
319 31
555 293
497 221
136 236
264 650
411 557
142 687
402 872
239 187
545 504
673 163
983 330
342 54
753 381
812 592
294 181
856 578
194 121
308 497
91 378
649 15
967 231
972 191
648 221
80 271
744 806
728 427
66 814
449 222
639 703
910 125
957 190
5 337
868 463
27 185
924 425
999 551
325 948
201 766
94 115
814 392
283 448
969 737
883 871
535 310
98 449
947 150
560 958
622 532
952 512
862 7
790 352
24 895
341 46
465 979
466 300
891 629
322 776
790 211
280 536
747 82
241 965
577 939
496 618
25 452
851 180
257 119
287 76
839 531
277 230
462 34
509 93
611 705
600 622
162 403
111 878
228 906
730 596
983 810
309 343
789 93
292 667
793 154
977 405
565 646
507 322
609 706
389 432
433 672
759 737
595 512
981 551
108 981
324 554
256 282
902 129
119 247
178 743
485 505
379 106
787 451
679 113
446 492
51 508
363 574
385 836
578 503
544 331
542 330
265 318
443 646
472 214
5 755
827 674
682 73
164 411
381 907
844 485
429 935
834 271
193 189
909 351
733 948
488 586
217 311
53 601
130 646
870 764
796 247
431 169
305 692
627 859
677 84
936 466
155 150
672 316
912 363
343 965
106 529
22 250
98 340
555 403
780 306
732 539
269 819
880 782
398 681
884 718
225 95
683 624
317 551
451 525
452 850
36 145
55 151
735 529
443 113
524 958
983 635
92 408
239 475
698 797
837 466
567 233
382 497
664 952
827 68
496 884
775 924
499 55
345 498
120 192
477 572
585 410
197 964
1 121
578 885
884 439
279 802
517 758
699 255
890 946
634 792
944 325
158 64
65 584
223 255
622 340
73 953
238 93
522 126
449 346
216 635
752 669
205 812
399 124
475 746
739 617
901 410
632 535
377 936
656 775
694 707
91 954
864 762
332 384
691 635
194 417
394 559
592 20
645 22
902 911
191 476
412 415
565 207
658 419
74 682
863 494
757 631
42 140
189 235
908 607
985 116
895 985
144 28
754 395
956 691
566 858
147 568
188 404
170 635
689 729
887 282
209 919
601 437
13 31
4 662
334 938
520 141
518 872
667 46
212 129
984 474
31 499
636 760
376 469
206 466
888 293
101 536
619 87
589 819
6 549
227 802
395 30
862 648
367 298
63 557
249 876
727 538
784 206
202 639
756 58
993 856
557 55
503 931
418 55
954 101
629 933
347 116
425 771
557 217
242 425
851 580
727 233
488 62
570 36
453 864
238 398
845 94
25 617
924 531
859 78
436 949
38 929
228 55
321 371
279 498
712 380
768 190
6 274
691 550
284 400
639 932
582 993
807 964
759 463
165 260
460 320
445 244
799 965
449 241
740 372
416 998
770 717
983 565
834 196
304 839
160 507
381 947
259 481
958 317
635 400
929 553
201 357
74 416
451 618
700 364
707 584
76 39
658 824
108 135
292 462
316 468
743 287
785 187
126 487
788 878
438 931
463 20
598 593
451 564
378 764
611 966
633 2
187 237
35 130
555 971
701 713
101 397
304 225
432 438
451 338
489 171
396 721
969 145
699 488
776 847
466 141
619 302
513 364
309 705
360 295
712 988
766 147
924 113
627 235
241 612
2 666
719 827
315 705
724 611
673 983
159 464
394 163
267 947
592 656
423 44
640 38
808 968
806 631
223 451
833 852
480 861
251 922
363 708
457 75
275 122
976 29
498 849
905 23
155 720
462 972
907 577
123 68
967 849
290 581
682 195
534 800
294 5
43 775
869 703
564 163
748 576
921 954
494 588
385 1000
778 577
339 525
881 242
593 710
667 347
777 271
89 487
682 372
406 284
796 236
434 109
986 526
71 352
554 842
444 54
925 929
749 336
435 429
623 836
349 207
763 258
278 181
943 845
835 972
620 78
571 626
240 642
260 727
870 898
301 509
819 320
639 67
221 166
22 57
315 33
943 931
400 865
936 819
135 139
11 953
379 707
34 506
276 291
580 939
893 822
366 942
883 192
884 175
461 938
301 833
68 92
54 27
681 803
556 185
135 318
543 461
342 262
552 528
293 962
741 28
42 706
918 547
320 800
102 646
629 315
849 99
902 247
951 328
688 175
122 743
181 10
251 969
512 93
492 437
110 124
294 327
1000 96
892 54
380 258
237 135
938 186
62 114
194 90
945 546
269 396
569 126
705 318
497 427
433 643
173 256
588 61
735 190
423 532
209 648
322 425
341 507
381 906
80 635
302 270
948 260
74 361
322 587
793 622
938 641
558 942
746 566
50 65
363 10
435 393
546 993
49 319
430 140
602 933
829 78
199 561
225 975
461 522
278 960
378 564
732 907
82 976
606 884
420 305
701 640
371 293
196 344
159 84
732 826
954 364
572 915
903 341
556 887
154 884
591 230
495 189
791 480
135 124
232 411
230 186
893 986
784 370
489 12
314 225
685 942
875 576
397 654
453 762
727 736
635 764
565 665
103 622
306 972
932 616
989 585
585 159
483 456
447 109
911 306
329 978
181 17
254 633
310 959
385 532
791 308
686 714
781 994
48 746
232 87
575 123
612 506
280 493
19 72
828 357
539 641
743 929
698 899
946 645
428 876
187 811
557 713
730 143
421 206
773 121
49 927
122 191
449 133
831 685
36 611
329 511
990 996
386 878
668 120
209 773
455 760
807 615
957 86
465 888
541 407
283 395
31 569
785 77
364 310
919 30
852 227
302 4
199 644
519 933
81 697
611 732
620 150
480 185
832 910
84 811
69 57
757 460
816 402
335 154
21 885
736 217
791 407
337 258
157 567
418 965
483 697
526 313
121 516
943 672
419 501
516 813
404 7
868 556
51 970
358 762
231 584
966 901
38 708
318 340
229 103
603 422
17 831
716 639
885 876
202 980
53 58
533 256
204 442
976 163
171 67
355 830
776 49
983 416
270 309
919 664
797 60
887 80
268 82
471 637
424 417
778 731
213 422
8 66
283 216
229 652
929 718
70 640
409 697
492 50
260 184
317 57
730 274
369 906
703 485
913 99
108 113
736 714
113 397
619 973
633 694
170 604
723 933
265 817
620 107
676 742
336 870
3 881
211 102
361 693
801 816
993 40
961 522
33 971
32 738
241 936
33 932
234 111
1 134
315 582
883 374
816 269
845 180
708 267
716 814
474 641
609 474
704 498
957 768
369 721
375 579
289 892
538 762
336 305
813 193
31 260
368 866
612 717
171 385
923 958
484 88
360 454
659 404
698 498
534 596
276 844
868 806
946 920
746 390
604 1000
860 386
73 880
664 429
4 694
646 13
354 559
209 368
651 665
715 354
468 539
408 553
513 856
562 859
213 457
712 488
17 726
38 172
42 35
24 217
198 422
240 360
665 371
132 48
596 765
218 403
735 234
772 96
60 434
830 186
839 56
99 706
18 516
169 94
188 494
464 910
585 582
947 107
89 279
198 211
386 567
459 645
978 758
563 59
752 64
1 550
255 23
239 882
809 159
481 166
443 905
871 329
982 930
642 297
625 423
934 513
247 417
921 358
442 373
244 843
596 32
582 23
13 264
36 127
58 659
706 979
763 686
214 790
20 715
365 902
551 169
491 560
440 958
633 383
542 579
229 332
511 454
963 102
894 118
291 361
609 486
202 948
446 452
298 567
6 780
797 527
267 240
720 548
74 702
7 289
323 411
798 139
530 797
338 120
256 254
167 1000
467 822
410 891
26 881
369 308
43 55
501 799
817 524
732 808
933 642
533 312
241 242
424 942
155 526
104 182
342 80
596 819
47 901
948 112
16 209
532 375
251 135
948 231
380 481
847 787
721 475
83 958
798 609
929 758
35 803
108 411
871 57
644 143
182 801
12 328
572 505
645 355
614 868
173 610
464 874
672 463
532 683
796 864
247 518
484 592
896 866
715 368
218 824
973 952
188 208
601 377
583 202
827 779
940 554
49 399
5 295
500 64
121 269
345 897
970 864
628 324
63 523
286 366
469 956
680 277
267 154
292 987
495 597
194 729
871 817
879 282
563 296
404 108
8 781
742 38
45 270
512 365
361 201
689 970
777 284
101 55
217 522
512 302
295 91
435 93
427 99
212 779
690 935
17 995
436 979
57 34
204 407
478 966
996 139
380 381
726 500
284 287
314 252
527 370
454 236
124 205
155 239
53 199
555 13
816 639
526 958
873 610
657 573
108 729
604 758
865 818
876 813
385 934
78 725
825 709
378 179
541 429
792 615
353 629
283 108
736 944
308 713
189 90
853 51
361 813
877 333
766 227
755 973
784 757
288 484
878 969
114 778
460 738
421 859
966 28
621 979
71 440
952 570
274 602
738 215
791 67
671 761
726 636
162 539
309 856
420 455
59 129
291 35
427 626
173 10
287 6
70 402
864 399
774 540
866 597
945 66
379 650
106 78
220 474
152 170
443 381
873 480
214 568
270 766
986 609
552 715
21 392
215 740
336 342
816 64
301 904
945 765
106 352
423 437
907 488
287 602
955 484
884 390
635 520
691 778
928 616
447 128
711 695
128 483
661 314
95 658
737 773
111 356
316 588
171 211
742 526
411 864
194 16
102 618
927 680
135 96
661 540
20 404
919 520
368 555
226 673
745 754
527 455
160 31
553 600
203 83
666 793
479 422
597 271
191 960
344 475
507 825
309 132
471 834
620 311
450 731
327 131
939 517
43 584
895 844
18 774
41 191
204 605
238 63
596 303
299 883
302 182
306 13
658 822
439 458
643 818
673 161
525 166
81 746
748 675
145 282
175 401
81 676
577 319
26 47
961 920
174 95
452 773
848 116
112 418
97 82
901 502
875 975
917 302
165 683
451 340
270 952
951 3
662 210
172 426
525 362
766 268
48 119
710 569
289 883
349 591
632 149
188 691
480 8
654 912
892 130
271 820
475 921
516 913
901 685
885 734
693 95
90 240
471 333
798 78
488 427
846 858
12 479
372 805
618 733
693 45
414 966
915 223
94 570
898 787
441 868
623 285
535 911
916 755
75 511
702 132
902 954
941 864
179 355
895 701
308 355
556 569
41 505
848 775
578 176
750 805
730 503
749 441
458 18
903 798
5 751
373 933
70 911
786 468
40 512
39 896
904 791
931 574
714 178
677 406
143 998
202 110
149 613
616 656
883 646
115 560
357 595
672 753
396 401
935 892
775 663
443 86
796 594
853 559
124 913
452 904
989 191
40 266
974 781
520 564
6 995
210 70
118 583
386 445
600 625
878 311
361 67
408 385
864 38
332 580
81 844
813 147
851 364
396 981
110 433
696 240
185 862
146 154
543 463
128 10
720 436
264 730
798 27
836 490
565 820
113 861
591 576
479 826
261 243
360 178
656 911
655 643
704 549
882 235
185 425
997 266
925 61
29 232
910 659
158 404
889 755
462 814
674 878
89 182
34 753
116 790
169 782
977 732
902 934
173 814
337 39
644 249
574 191
799 927
503 484
624 747
757 513
577 187
705 110
601 45
566 893
464 841
956 793
381 182
912 479
418 160
877 505
329 291
666 738
630 211
903 659
984 799
467 173
361 594
801 669
737 799
828 178
290 400
47 286
396 38
251 755
435 568
864 885
541 836
28 697
766 749
500 822
809 404
741 977
372 20
656 1
604 335
552 434
970 865
837 611
23 999
392 847
269 611
272 393
537 435
611 766
405 163
663 780
812 458
876 650
962 723
524 366
229 496
441 237
681 797
428 298
588 734
185 235
449 686
214 366
769 275
882 188
241 268
884 466
963 21
9 134
473 580
474 186
904 437
722 612
264 980
172 581
835 159
599 238
329 818
954 627
313 361
411 820
449 121
470 273
921 967
973 390
721 437
226 781
578 470
616 157
669 909
467 525
801 381
899 920
717 897
4 60
242 483
418 585
833 140
834 255
71 385
9 544
81 452
540 13
423 651
265 569
984 191
252 398
415 523
382 634
883 947
900 389
848 606
795 121
64 237
13 28
19 631
663 166
386 910
887 644
789 711
868 249
128 761
258 116
645 632
376 397
218 908
37 456
730 900
224 193
81 712
173 140
629 125
511 406
295 677
940 670
98 601
387 648
291 450
461 782
300 140
85 994
802 970
675 424
289 741
646 731
856 621
685 127
999 355
231 757
215 208
806 797
20 994
77 207
426 473
430 725
987 575
732 429
475 956
35 154
775 163
635 666
283 526
105 175
930 72
56 933
959 471
262 909
484 53
357 257
147 191
742 956
379 166
198 670
808 894
705 746
156 166
564 347
13 747
531 914
825 177
510 963
518 380
299 694
328 218
873 2
658 371
200 817
554 416
169 838
254 193
151 978
915 273
293 429
353 402
668 47
302 469
766 798
51 215
199 951
146 193
666 568
867 153
451 906
378 950
584 885
803 782
136 710
321 734
344 873
71 270
205 792
773 518
559 21
49 756
395 960
178 464
496 240
109 744
295 875
791 102
84 986
141 301
254 398
244 224
410 318
322 962
487 316
516 606
455 802
279 528
727 586
249 767
324 239
896 504
783 992
488 970
135 49
488 976
743 99
335 926
564 14
290 45
983 850
883 150
702 766
579 369
27 210
94 208
86 643
290 412
668 681
82 730
85 585
548 515
685 73
660 69
552 966
76 316
313 86
774 69
996 253
601 747
933 748
492 588
43 90
635 900
997 277
856 983
947 512
142 802
380 249
56 159
276 931
587 758
660 778
972 36
609 870
441 724
316 960
354 271
688 627
67 469
692 411
215 542
982 644
905 246
181 523
630 298
668 51
744 697
781 492
92 989
662 593
558 550
540 117
767 340
515 785
112 146
593 997
52 574
41 811
154 458
192 137
301 361
528 307
857 649
992 928
130 115
439 511
460 954
625 375
405 199
254 426
127 952
275 803
58 657
681 37
371 330
372 49
500 110
706 977
447 545
672 609
162 691
414 213
680 172
828 380
922 233
961 645
672 976
128 894
993 788
371 104
262 265
980 534
250 823
953 390
534 421
572 744
137 625
854 966
909 703
110 438
959 265
63 836
779 159
604 168
241 406
831 323
637 16
506 530
742 4
881 710
304 592
167 123
719 574
86 905
752 885
894 560
80 50
99 750
781 844
982 183
30 320
17 551
324 933
695 598
77 731
338 989
10 814
674 879
658 296
700 979
800 749
260 92
557 738
853 720
635 142
1000 257
998 828
485 711
958 865
631 645
26 561
754 525
482 79
783 209
677 382
60 336
278 411
133 396
506 168
975 872
796 243
999 980
412 708
913 41
662 748
539 147
743 467
637 844
52 530
643 209
420 94
205 800
886 280
657 379
645 744
430 147
370 669
308 811
171 865
727 812
68 511
35 206
759 335
571 256
475 407
572 63
573 338
150 141
903 449
686 51
870 828
687 478
242 521
172 476
121 508
283 925
487 725
220 496
449 786
508 315
219 136
236 874
396 43
620 640
825 728
275 763
646 798
747 527
270 514
76 501
494 92
24 168
105 323
198 800
878 198
807 254
367 839
958 894
817 558
727 39
530 545
146 278
390 359
310 557
479 174
932 423
726 357
284 392
431 331
858 37
345 142
722 756
119 68
584 749
14 208
274 5
573 435
688 571
123 61
307 422
367 763
854 251
657 861
431 30
825 487
75 192
340 228
568 447
827 730
809 59
437 794
45 633
635 377
877 476
326 98
473 558
403 791
870 623
118 960
193 447
47 332
452 668
509 477
291 790
205 964
23 183
433 249
22 700
988 365
883 577
629 109
316 274
64 315
687 269
249 881
358 189
917 264
865 79
789 182
499 505
262 439
5 943
1 191
510 219
681 717
132 967
774 426
900 873
336 554
776 855
963 471
84 532
362 978
589 529
236 831
332 574
798 295
12 488
902 257
265 685
194 938
826 39
662 385
357 447
927 999
751 227
683 259
295 121
461 337
635 522
321 899
928 366
138 180
341 907
236 658
609 639
646 36
705 632
307 900
492 504
648 968
427 367
489 954
534 792
207 788
240 93
134 618
708 539
506 415
476 827
687 655
504 692
398 190
75 31
536 987
477 671
23 279
898 388
248 697
190 828
84 295
167 777
865 574
443 640
226 112
812 783
501 186
820 616
202 249
520 222
95 374
978 902
210 540
778 794
377 117
657 91
344 874
148 794
328 133
525 164
47 352
31 943
18 550
760 417
923 297
582 46
292 168
477 244
428 272
904 554
979 110
581 238
571 328
992 227
982 549
168 628
611 680
724 905
449 809
102 45
103 380
604 423
201 46
314 53
812 212
150 407
153 369
872 380
234 268
487 626
517 697
116 872
9 402
559 942
618 406
945 752
802 177
713 506
552 568
275 307
722 376
281 582
393 924
655 604
118 987
587 826
489 747
181 37
336 82
573 973
970 63
531 723
713 724
761 239
806 506
644 481
462 976
204 191
292 44
316 944
501 380
704 862
773 822
826 283
28 147
981 51
820 375
217 222
330 967
98 107
870 725
731 965
92 589
165 919
238 695
166 432
747 784
545 537
857 799
182 634
446 104
921 506
494 908
403 764
887 591
191 980
135 993
304 419
714 402
628 764
461 755
491 932
918 251
595 90
84 733
399 562
735 934
115 193
928 628
465 402
319 459
11 10
91 376
655 134
224 839
409 763
431 882
750 532
785 880
181 359
897 94
183 441
441 202
578 925
685 983
725 858
82 300
910 964
252 156
751 170
916 93
919 910
225 732
599 998
11 377
599 648
363 902
362 607
191 199
690 785
270 321
290 643
932 854
37 620
122 594
599 196
744 953
554 646
916 290
384 627
973 271
976 509
298 25
530 476
131 443
948 35
450 895
473 134
160 456
456 847
787 789
682 453
352 928
259 428
886 173
675 788
959 838
161 978
914 240
316 186
154 269
706 334
31 577
162 784
917 928
727 969
106 917
543 216
828 76
764 283
567 593
642 264
553 227
561 499
841 184
533 594
475 406
383 289
758 855
918 135
679 354
577 519
581 55
853 946
441 260
978 37
215 206
886 866
346 395
533 165
456 199
885 626
244 366
64 924
48 49
875 580
555 578
955 364
668 867
587 885
125 174
641 189
751 206
703 811
372 633
232 204
55 628
228 24
208 421
384 672
39 32
761 932
405 726
195 766
255 950
833 352
119 71
372 389
817 920
251 164
473 226
401 141
386 763
212 313
404 40
734 508
400 451
734 322
832 454
886 137
38 311
537 823
330 31
900 391
173 579
320 25
891 722
343 887
397 187
793 590
499 557
5 950
330 11
249 22
348 446
733 316
586 632
614 609
818 26
427 441
766 700
931 841
879 903
74 250
607 404
650 803
896 623
400 798
207 385
171 989
383 374
120 3
317 695
913 592
880 525
537 284
927 51
295 961
794 356
121 520
105 115
604 115
861 348
628 121
888 230
82 357
615 333
505 794
414 188
436 668
475 958
572 512
647 86
944 231
333 447
869 83
817 504
507 465
252 59
20 177
897 553
137 507
13 664
920 878
506 301
569 73
950 606
449 91
434 401
217 39
859 400
53 329
181 644
206 765
83 906
672 189
212 750
541 930
507 826
735 242
945 485
331 232
938 912
812 889
62 360
853 396
400 303
934 172
916 943
225 911
503 831
527 791
329 360
922 735
788 821
853 671
835 838
969 344
736 701
899 37
32 639
559 411
130 43
676 184
586 467
607 379
477 66
762 240
926 921
196 766
813 294
979 66
605 247
384 415
735 596
480 456
824 925
508 414
14 805
833 469
42 806
944 470
890 558
16 953
91 287
60 149
633 464
137 603
745 270
68 101
270 729
732 28
453 557
555 637
37 814
993 1000
650 283
444 800
548 446
842 735
682 648
516 924
828 926
977 60
797 329
120 475
929 305
825 896
533 447
682 539
989 653
869 119
147 221
189 261
156 240
133 978
725 520
63 401
655 893
949 80
833 326
207 890
338 924
363 540
369 255
122 775
817 813
947 800
30 516
824 21
990 646
413 323
118 333
673 368
584 949
969 905
326 382
626 304
544 3
360 676
257 694
274 364
312 583
294 875
118 111
175 220
10 439
992 580
455 700
444 51
544 225
915 722
605 392
930 978
892 313
365 719
168 21
957 267
525 199
641 970
702 959
127 981
296 889
121 132
438 819
55 647
395 406
511 424
951 771
945 62
487 691
435 876
457 996
216 212
742 431
713 187
16 933
59 793
704 466
263 243
781 23
876 816
262 41
335 749
980 758
263 151
155 996
779 238
67 16
621 762
894 566
364 613
169 593
794 784
13 672
655 849
87 275
826 65
403 464
105 528
290 610
455 92
226 868
618 990
32 21
821 795
952 230
238 724
130 529
921 778
647 768
471 42
709 939
321 890
749 410
746 965
862 203
814 413
688 974
874 765
7 374
468 110
277 576
728 90
801 658
515 924
738 207
247 351
170 931
559 463
83 510
266 674
213 527
885 61
830 662
799 365
747 52
585 209
145 624
516 385
119 990
724 236
533 962
798 58
452 126
35 46
257 120
297 879
444 650
229 364
874 83
949 931
292 598
441 372
43 472
906 982
360 356
932 518
458 977
475 85
651 118
357 409
105 176
323 9
786 659
864 803
547 822
859 120
678 540
976 188
684 133
191 87
623 21
299 318
82 962
545 442
764 42
303 414
986 28
184 14
132 214
705 700
977 951
526 898
449 126
285 784
941 525
283 243
925 288
48 860
527 28
530 336
606 511
184 364
97 541
388 414
339 712
1000 654
708 711
396 44
491 261
624 189
700 727
494 760
336 848
122 43
491 402
412 554
877 474
843 342
58 898
762 106
600 65
405 330
838 463
391 301
310 569
965 984
92 340
476 187
11 742
914 615
827 725
658 515
251 956
426 787
376 110
804 184
932 501
446 41
367 999
262 324
859 664
475 147
976 604
483 700
814 864
394 87
335 966
367 22
442 193
558 357
851 477
750 717
436 669
614 427
275 281
759 897
206 771
300 316
893 219
911 492
825 875
369 359
581 178
996 196
104 980
86 836
73 863
840 500
462 233
25 540
817 584
322 38
565 922
124 126
172 713
988 535
151 521
778 373
726 135
730 74
864 668
464 746
906 401
864 733
857 325
14 178
420 589
900 183
568 872
796 480
209 698
999 683
579 704
639 640
877 11
679 277
463 990
246 474
946 388
964 845
364 113
348 622
136 378
897 937
450 582
639 715
238 665
430 977
117 456
279 105
672 267
88 194
966 237
326 76
457 435
131 78
325 140
788 884
623 927
932 346
565 223
541 664
583 509
823 306
185 877
62 820
505 761
948 829
589 721
555 655
850 255
119 902
710 581
694 295
239 142
132 820
594 139
8 890
946 338
297 935
708 423
777 522
964 184
590 22
42 744
295 142
703 797
794 539
245 827
785 948
594 316
996 248
155 904
447 160
341 941
932 828
627 444
440 82
30 830
946 868
216 569
860 526
440 193
650 672
318 38
910 298
34 745
39 376
815 893
427 474
252 685
966 929
711 219
624 707
622 850
273 897
100 600
709 950
213 167
913 177
566 661
917 793
136 278
583 50
606 209
267 863
253 700
948 588
571 539
623 834
131 938
318 83
405 312
944 518
173 172
999 224
624 286
554 761
205 539
741 953
387 722
471 498
175 531
425 881
12 894
656 295
119 874
391 27
427 21
732 195
510 273
276 297
244 485
474 446
376 789
999 343
603 598
668 670
769 248
664 978
385 247
388 690
776 992
10 204
229 472
893 929
196 151
306 851
54 29
203 757
419 432
793 355
234 497
879 59
897 205
935 269
367 191
498 58
996 269
600 770
360 39
33 391
193 395
997 165
446 181
746 487
86 908
983 502
90 67
199 423
147 248
992 976
962 143
341 818
561 896
973 947
703 948
929 164
312 919
683 248
113 870
118 319
725 269
692 122
985 496
548 998
301 330
465 120
497 318
490 961
252 544
938 873
397 993
930 789
244 615
710 268
69 412
307 299
753 815
829 114
162 897
696 441
970 56
37 335
165 794
3 179
477 24
95 473
466 267
595 282
197 393
787 723
116 383
512 251
211 37
193 754
20 507
88 472
823 378
810 867
25 425
965 5
382 105
918 133
596 110
783 475
712 828
162 325
327 893
879 688
202 578
849 389
7 47
146 434
112 859
96 176
758 742
82 383
920 199
315 67
968 243
343 213
480 573
157 145
459 329
955 588
685 731
834 823
281 685
946 861
284 276
530 540
137 46
690 506
378 926
57 775
132 215
942 832
891 168
910 482
604 755
666 782
497 329
812 512
869 753
377 659
543 880
123 499
394 697
769 979
757 624
331 989
550 954
638 149
769 844
476 624
956 842
494 761
652 895
909 380
892 532
749 381
679 598
779 848
134 969
602 609
108 154
326 97
558 401
792 953
283 318
788 849
588 739
331 522
970 406
117 21
949 713
102 331
946 37
862 337
75 513
900 566
667 837
746 822
429 10
106 169
552 3
738 624
352 121
533 997
421 887
426 675
231 864
345 785
971 965
833 996
447 344
345 642
607 874
471 55
404 508
6 88
449 541
821 365
34 113
774 93
670 2
780 710
789 880
846 835
688 365
542 88
907 717
986 78
475 719
739 906
958 232
349 705
130 773
972 60
664 373
39 343
228 284
428 846
86 150
87 587
548 943
441 557
636 224
514 814
491 339
593 723
351 231
619 607
856 315
298 730
93 428
221 663
706 261
687 910
359 297
78 193
662 568
402 482
520 193
117 471
601 410
930 972
113 566
260 619
616 697
429 844
400 94
386 994
575 795
923 298
407 885
927 354
782 611
141 297
92 80
3 280
461 716
98 646
210 972
641 773
927 499
663 277
387 518
373 433
999 477
793 100
500 820
410 476
619 342
693 707
305 258
270 490
736 106
896 85
996 564
63 991
929 469
167 877
392 617
29 844
451 6
162 111
988 807
256 232
438 256
703 796
63 189
301 632
665 749
981 523
85 454
608 481
147 223
593 115
299 488
691 922
659 376
950 649
481 52
403 438
669 47
137 102
947 693
285 806
750 42
878 479
960 568
373 541
435 448
878 334
97 747
946 470
640 633
456 854
459 861
673 243
209 822
740 203
967 509
545 157
572 467
867 185
616 503
65 407
585 584
586 275
248 371
307 462
993 465
293 175
387 422
10 855
778 829
230 762
675 603
303 890
490 287
444 188
687 224
571 395
467 780
375 111
357 606
908 162
912 37
72 962
899 289
738 267
848 937
390 692
487 348
828 376
225 277
723 18
707 633
889 894
616 962
193 823
489 136
325 274
419 341
37 750
741 666
984 981
324 94
146 874
201 493
281 261
500 703
693 584
381 140
989 461
737 412
777 549
102 814
531 929
567 464
453 656
203 581
332 807
538 726
998 500
570 231
399 243
439 754
43 45
150 771
992 225
82 589
964 435
733 746
437 477
683 477
591 813
172 606
180 113
858 813
935 195
354 444
669 51
66 104
566 421
554 469
347 625
489 876
810 795
982 405
584 580
507 887
933 895
830 201
726 942
48 769
179 473
847 910
565 405
1 133
758 982
97 977
39 978
101 953
619 948
467 195
53 722
373 53
283 341
377 50
892 727
605 490
307 347
292 13
573 140
187 305
637 825
642 263
861 177
454 361
767 59
770 99
935 799
936 135
902 572
84 653
645 160
129 410
3 481
867 766
580 493
215 346
421 803
957 977
619 286
306 741
646 710
291 267
275 654
405 799
881 900
868 452
777 577
157 255
108 787
287 620
864 805
259 787
242 969
950 151
544 931
137 371
47 720
284 742
671 266
976 190
902 202
704 845
651 854
466 656
658 6
273 524
973 351
904 442
171 237
502 163
446 33
503 48
697 101
705 690
282 741
798 677
109 42
539 567
448 308
981 918
449 237
583 838
740 670
554 88
666 958
114 723
902 645
857 9
914 64
806 114
937 225
867 96
5 657
737 604
335 321
27 22
736 660
719 469
593 801
922 873
226 330
45 646
47 313
32 622
100 743
556 102
644 685
653 169
529 859
841 89
341 533
511 413
477 285
81 604
676 109
134 930
497 868
538 74
154 851
513 280
271 568
208 488
413 855
555 530
186 322
668 834
116 903
155 817
337 950
154 740
949 167
548 559
973 97
237 671
427 69
302 947
381 406
698 328
590 218
937 700
210 675
428 553
910 733
124 120
472 969
489 557
256 474
48 292
890 547
47 970
988 659
240 500
55 891
350 889
852 731
7 756
555 336
160 21
380 432
327 91
277 962
758 421
647 932
448 272
545 166
913 314
113 164
225 889
652 737
30 969
697 716
683 993
758 423
541 451
838 271
325 872
572 447
630 237
500 450
140 307
144 182
93 333
439 353
169 261
709 284
304 556
446 891
982 921
438 955
519 902
667 179
425 572
945 309
175 392
714 122
736 414
594 980
921 316
580 519
249 785
638 471
533 919
148 491
130 138
297 651
603 991
569 867
415 191
755 648
665 516
926 713
875 739
713 156
396 600
219 839
382 305
917 10
231 898
116 197
820 763
955 312
423 454
525 582
530 816
492 276
822 8
608 132
579 261
690 918
142 517
493 271
612 347
719 545
277 182
851 729
670 127
830 436
877 681
147 222
268 617
797 104
798 963
566 303
56 164
534 841
294 343
223 344
351 407
378 273
127 807
215 676
592 69
494 485
246 282
747 459
847 772
170 374
9 780
678 888
263 899
787 253
810 166
499 859
78 902
195 870
921 981
737 555
990 935
717 725
804 122
596 474
650 907
296 592
528 522
805 619
771 446
535 329
50 743
485 719
979 323
874 535
213 903
487 232
255 28
662 692
169 353
353 12
706 520
376 347
66 747
179 952
862 415
277 267
760 449
997 755
407 664
671 703
193 532
892 914
804 28
296 779
146 802
504 110
840 456
34 387
287 55
400 857
149 946
727 613
233 225
819 614
220 489
917 445
666 255
874 122
250 816
151 841
774 361
685 66
730 605
825 711
509 950
871 1000
837 680
949 878
418 230
684 13
119 424
101 109
871 633
197 666
446 187
600 947
697 223
110 4
591 767
674 251
775 388
501 649
707 466
827 470
693 11
569 21
934 303
977 840
507 153
18 132
990 726
939 276
765 538
434 340
19 274
353 595
331 36
632 849
571 860
182 905
860 929
383 234
723 663
133 503
743 744
429 608
483 595
514 646
757 956
259 33
577 46
636 527
412 705
288 479
496 338
61 230
265 504
838 486
464 868
74 115
383 463
743 351
448 772
840 518
509 421
718 555
844 930
762 311
267 329
144 866
516 396
919 208
64 323
562 254
12 227
629 182
353 891
809 80
673 708
361 400
715 949
989 270
183 251
422 913
847 144
944 401
515 856
551 684
185 787
405 798
443 455
10 238
907 116
536 362
866 60
918 596
225 643
290 449
730 844
816 953
636 282
298 647
87 210
381 497
219 474
901 368
447 250
581 621
180 423
28 191
93 178
116 753
86 25
858 46
397 610
34 700
534 881
21 930
890 639
104 296
604 717
574 47
22 736
425 250
815 429
857 159
216 273
179 391
62 434
293 435
355 198
468 943
752 338
464 461
395 764
808 339
735 952
424 92
253 753
221 339
277 609
95 430
249 26
838 450
767 504
823 442
843 472
24 896
810 547
444 357
248 350
2 75
59 134
723 239
49 428
88 438
107 370
679 916
684 514
872 866
999 443
196 420
723 590
664 622
45 73
304 77
287 924
509 28
867 874
154 963
569 544
384 68
77 201
585 270
978 570
471 49
682 656
495 447
318 348
745 48
974 267
190 282
66 284
718 925
712 278
107 325
916 384
15 84
613 90
281 655
912 947
198 656
924 323
113 1000
593 422
527 351
964 539
234 888
330 635
269 521
655 59
623 375
21 823
438 128
90 695
251 324
913 313
598 162
692 163
52 770
71 230
952 784
202 147
402 337
847 577
60 277
99 233
526 46
268 362
291 987
131 34
792 872
832 341
497 373
908 416
197 301
14 749
640 812
532 874
184 728
611 787
984 518
411 451
931 664
788 887
199 608
292 70
610 457
719 345
810 519
6 732
575 773
896 720
625 524
280 693
939 966
101 547
358 82
433 105
896 591
182 300
277 200
595 69
894 243
641 317
658 757
55 484
685 204
245 629
233 149
436 606
854 907
994 294
432 219
617 831
724 517
393 677
989 487
367 55
890 896
779 105
855 450
31 268
215 99
866 278
552 573
935 362
976 857
371 28
820 538
767 647
882 367
76 314
884 481
208 130
654 792
211 889
730 779
267 571
960 796
726 778
397 601
592 951
542 453
70 878
713 764
55 862
4 988
329 605
971 154
511 685
991 215
887 6
925 741
947 853
269 321
472 115
13 892
341 351
435 150
109 787
718 899
511 899
682 381
464 893
221 362
83 377
33 816
833 829
956 82
813 695
316 497
64 90
545 653
657 459
966 95
154 652
623 956
353 124
540 384
982 789
452 864
888 904
315 56
633 37
573 724
20 723
849 525
577 574
283 951
913 540
351 992
890 780
135 19
182 42
898 283
759 804
564 589
297 896
806 749
584 172
681 810
982 704
299 155
392 519
214 490
896 151
377 858
976 837
849 201
101 108
715 325
512 423
833 641
660 103
698 414
924 940
941 522
357 323
786 589
894 570
971 459
850 580
85 329
843 661
885 803
575 42
557 587
228 327
639 871
415 873
696 913
270 100
971 297
517 237
908 734
857 130
469 204
34 635
645 73
919 446
186 814
247 843
375 310
30 159
82 184
332 662
199 427
134 849
628 793
277 731
939 578
923 89
601 423
415 685
35 406
112 259
207 188
62 657
636 750
415 451
842 125
182 458
883 619
629 403
97 34
978 365
429 35
963 121
235 348
755 549
719 134
940 689
583 475
920 445
1000 71
922 215
245 700
266 787
799 143
233 220
90 639
805 570
827 94
371 74
903 221
430 593
548 284
589 504
76 525
974 18
25 889
334 237
64 913
195 169
254 900
699 777
439 562
333 11
778 232
379 57
138 11
310 773
229 219
25 446
185 93
635 981
797 446
212 898
466 654
267 579
424 744
185 462
133 22
622 188
38 157
534 84
778 300
215 617
631 167
501 398
985 465
680 382
577 567
462 51
688 640
29 408
145 123
455 354
661 851
486 572
549 978
882 605
890 48
763 290
433 273
587 240
255 70
844 737
439 287
903 748
944 995
317 895
926 791
839 187
874 60
939 328
170 899
943 780
505 368
979 849
326 774
248 387
956 137
760 506
758 773
463 427
945 152
649 133
328 358
241 955
19 971
140 709
500 940
562 227
871 292
339 358
505 594
470 716
624 424
842 371
167 612
6 930
978 115
723 711
966 720
570 740
680 505
223 797
703 519
188 560
427 776
855 328
714 613
15 513
328 979
435 985
239 231
855 313
819 895
347 78
185 159
607 996
314 381
208 264
815 927
906 89
45 507
637 97
701 361
38 588
574 530
134 179
68 691
640 84
532 98
310 912
424 991
209 259
446 112
764 219
912 948
333 738
480 826
299 286
891 216
817 733
384 560
207 786
647 529
450 817
640 737
271 269
919 625
377 496
450 672
753 57
806 13
378 923
634 130
207 560
389 963
946 384
491 485
308 693
95 239
278 325
540 104
49 515
340 6
855 673
235 984
169 506
98 48
335 269
122 442
531 452
400 194
59 455
648 511
724 467
399 366
608 636
606 27
595 358
44 544
705 506
211 113
173 444
469 681
254 433
236 740
872 816
413 614
354 711
822 706
3 426
794 419
762 479
893 695
399 548
880 558
612 769
519 311
376 253
304 106
738 567
387 809
626 564
73 652
96 379
501 992
451 11
159 474
306 826
383 824
634 870
102 656
289 85
994 786
798 950
671 460
983 494
54 454
919 838
13 100
561 530
601 541
708 839
88 584
432 714
859 213
952 497
751 995
497 52
705 719
743 915
389 244
838 941
620 705
418 394
866 998
280 370
383 492
437 521
792 568
21 842
939 443
974 762
464 601
764 332
916 505
781 68
53 473
937 174
350 117
523 777
908 537
491 449
681 145
682 378
830 818
64 189
975 215
201 884
369 574
939 758
444 200
959 763
566 907
515 935
112 280
867 408
601 356
819 477
442 584
623 959
700 104
280 481
244 860
170 859
524 830
11 725
288 770
681 365
330 389
188 811
816 452
504 21
943 949
103 184
197 179
608 870
129 307
607 632
594 841
334 500
82 117
379 733
286 379
641 578
988 113
280 944
598 688
139 87
693 548
381 711
841 881
441 355
153 343
483 760
194 637
476 75
859 885
785 874
237 569
630 758
439 553
632 185
6 148
725 868
708 118
820 584
472 758
604 167
94 877
812 468
975 568
836 466
253 288
915 805
669 238
726 481
57 126
510 800
129 656
957 113
7 536
215 494
378 450
750 90
532 137
242 277
911 119
952 124
165 369
385 849
406 613
902 926
651 498
670 394
531 64
364 919
950 906
130 635
133 356
230 808
571 149
188 276
448 457
566 885
218 751
274 333
493 599
222 47
978 953
390 843
753 87
197 339
71 318
594 745
494 963
98 504
396 79
714 222
398 517
40 33
830 520
444 323
991 895
174 44
729 443
343 591
951 268
51 163
316 261
923 279
282 405
175 578
13 291
718 600
494 877
261 889
323 688
175 563
894 185
533 973
547 163
870 134
642 215
419 370
521 798
810 897
704 388
707 999
724 975
712 911
148 131
419 308
280 59
651 28
82 461
284 963
58 92
825 737
953 276
994 458
372 464
713 436
163 599
113 736
129 859
629 744
690 860
824 742
750 276
18 437
94 728
763 139
519 195
668 543
336 16
432 515
752 648
588 486
886 711
977 793
392 145
745 193
492 290
122 26
557 188
179 280
819 240
327 112
991 153
423 605
913 339
575 303
299 608
691 354
882 715
227 258
448 469
486 573
889 348
387 82
889 270
341 737
98 3
786 276
516 189
554 776
4 489
979 381
173 462
11 575
914 496
771 9
704 36
444 359
213 558
287 235
951 272
532 950
583 194
903 397
889 217
687 266
158 604
250 549
865 64
241 495
615 20
103 192
788 546
935 909
607 688
405 94
558 396
870 162
599 608
68 248
605 427
241 740
78 49
44 129
618 42
158 905
232 147
271 682
254 854
954 104
203 513
32 951
10 880
427 920
146 960
609 662
183 511
846 165
647 76
480 622
600 847
180 359
419 733
627 28
632 352
25 630
214 130
111 254
848 456
426 114
869 430
542 92
484 908
910 672
87 353
146 373
184 64
8 366
831 102
9 59
617 302
787 4
663 638
829 641
498 947
227 243
502 939
29 345
105 723
189 604
380 435
825 298
22 642
265 355
786 199
382 700
46 253
683 853
613 540
1 425
144 907
970 267
553 353
616 415
448 49
892 564
268 186
324 894
235 196
809 24
169 505
272 74
745 922
374 290
56 25
71 262
642 690
718 839
813 593
226 365
979 281
508 839
179 929
608 637
454 293
40 505
224 374
650 894
188 145
482 946
144 87
382 203
297 639
392 977
135 779
282 461
13 363
344 574
609 246
797 799
953 513
2 847
685 202
172 419
870 78
211 319
196 41
181 411
163 160
516 868
43 406
978 231
724 519
960 903
803 400
916 209
55 359
223 641
410 762
927 819
270 594
789 958
2 512
556 95
209 76
7 785
979 544
15 314
932 938
467 955
884 483
686 60
941 548
545 283
376 698
964 347
418 419
797 101
124 159
539 722
813 309
783 39
215 673
146 488
591 826
800 917
322 297
665 813
874 993
156 928
920 388
515 635
554 31
663 340
830 17
661 906
706 357
704 244
265 633
752 235
967 205
516 230
357 859
385 920
890 105
356 781
936 113
330 160
575 938
192 129
122 334
842 71
364 391
844 953
738 148
187 390
44 517
946 559
32 681
72 966
914 587
534 224
917 728
722 828
222 908
278 930
927 467
909 836
590 699
594 838
166 887
244 115
742 470
945 48
931 101
550 771
710 655
74 370
708 337
853 776
153 342
837 260
641 57
522 364
245 873
634 926
159 441
91 31
276 251
462 746
745 14
447 114
295 779
68 869
90 221
402 817
646 84
152 312
940 305
172 26
621 756
678 581
937 717
336 196
377 920
303 384
424 965
752 764
899 649
389 215
659 9
540 796
463 639
446 363
618 984
51 377
460 387
961 98
924 18
284 241
862 869
731 376
739 53
667 304
880 496
291 516
61 100
936 335
717 758
888 968
579 749
528 617
197 338
714 844
515 885
308 541
681 29
934 889
966 994
773 565
577 476
961 829
818 926
857 892
761 339
992 981
210 88
277 443
739 352
134 63
447 879
966 967
484 176
624 319
642 434
805 966
774 671
658 680
418 837
625 859
292 894
556 483
405 57
651 305
799 137
488 897
819 583
932 302
754 616
85 838
871 811
283 770
486 271
289 833
998 170
931 383
310 872
183 410
181 163
557 233
81 48
279 935
621 950
327 559
347 149
224 600
467 984
410 933
431 637
582 727
416 298
674 51
789 871
172 943
877 878
971 489
521 298
480 784
579 252
372 870
781 872
323 442
968 549
898 976
593 456
441 683
830 399
413 504
122 992
708 559
370 772
97 678
463 595
65 128
553 763
695 848
160 783
387 183
668 220
161 518
778 927
247 990
766 890
69 490
771 362
60 227
978 922
942 257
763 292
529 428
930 280
894 601
500 281
529 61
123 562
917 574
554 920
373 134
46 20
943 782
895 1
951 275
258 508
853 637
927 282
610 258
6 529
58 642
232 708
598 803
235 459
738 352
707 565
998 116
220 428
993 852
405 206
542 897
270 708
71 903
722 253
195 135
693 396
766 242
733 923
379 545
423 431
768 108
373 502
788 103
772 940
350 688
243 256
617 243
29 901
216 692
831 830
342 436
423 141
307 908
937 517
460 150
632 575
371 533
962 240
583 512
394 612
551 102
165 423
203 252
406 947
959 781
32 484
901 132
97 508
726 123
325 562
255 689
679 275
791 693
320 350
156 972
696 169
977 704
602 735
473 993
807 572
448 161
620 463
441 468
87 906
376 323
139 609
145 272
93 250
990 376
538 281
672 751
233 495
710 107
624 232
555 950
516 432
258 448
550 130
154 145
68 319
662 121
409 965
913 296
548 112
367 420
953 512
253 71
129 454
257 9
920 503
685 201
393 601
176 935
854 211
343 453
698 820
366 926
962 737
581 921
267 193
50 723
508 379
953 482
868 715
462 284
582 637
396 954
492 679
219 121
133 825
225 712
104 935
211 909
855 76
567 376
366 107
955 538
741 37
195 385
142 696
739 604
997 284
229 866
821 110
660 940
833 432
9 86
780 975
125 546
18 156
699 767
792 395
441 739
151 920
703 223
338 897
872 217
29 316
952 209
91 623
369 833
799 941
303 178
605 846
87 731
378 932
6 200
691 349
291 619
41 105
249 245
156 839
231 317
923 239
567 724
821 708
382 778
532 958
107 927
136 634
328 450
878 894
628 597
899 407
44 518
317 534
434 722
515 71
701 43
567 294
723 168
369 514
67 588
413 584
442 168
210 60
534 451
673 860
580 261
5 812
529 577
215 290
785 735
879 267
202 955
388 696
426 503
723 375
600 746
506 825
214 638
72 387
716 980
932 745
24 38
860 347
739 666
629 530
68 879
311 260
161 91
252 11
403 251
613 14
6 436
719 863
358 923
125 996
73 793
276 986
673 90
603 153
750 88
492 312
313 347
702 223
651 527
658 289
531 981
787 63
934 434
518 317
139 924
506 479
223 94
642 298
134 709
339 565
194 368
18 528
576 600
107 215
632 964
653 764
433 409
410 865
948 264
491 431
95 289
135 654
880 774
412 733
611 223
79 861
547 10
430 41
514 420
862 492
481 87
88 303
491 858
933 271
168 135
794 199
338 203
729 554
89 907
535 188
302 871
336 936
170 119
556 476
335 827
907 138
396 653
78 333
883 315
774 446
651 129
250 848
346 403
145 804
516 829
422 996
314 245
383 290
979 765
671 211
863 891
495 423
654 100
637 90
659 616
347 148
839 131
91 235
475 840
890 665
698 996
831 64
927 552
470 77
57 152
924 802
281 800
416 9
887 809
828 436
898 977
652 916
265 500
268 909
949 258
623 351
900 218
905 108
373 720
415 824
69 695
877 32
962 71
295 525
22 599
48 802
915 416
127 342
553 267
577 157
632 992
248 533
874 841
696 381
148 920
476 509
331 290
541 619
361 939
514 537
105 657
889 509
362 263
420 123
724 41
996 473
639 190
144 109
118 763
782 568
641 676
229 335
884 934
499 448
483 967
463 293
453 428
324 253
521 943
480 403
121 423
512 550
397 393
104 686
805 684
441 153
974 109
188 674
851 482
917 24
785 704
441 10
812 15
400 456
726 989
618 458
39 158
738 995
243 259
134 182
271 835
302 948
267 531
198 773
694 926
769 373
571 543
792 146
223 466
851 689
109 821
786 912
592 975
560 301
320 514
148 173
971 357
493 985
720 35
132 177
284 20
947 716
859 488
238 983
875 325
207 652
613 649
83 914
724 600
588 121
130 545
916 960
403 751
631 53
248 706
134 653
359 726
550 5
423 673
51 68
619 994
262 54
965 754
947 27
199 830
517 341
689 752
541 591
947 136
605 444
459 610
961 996
853 318
191 955
550 374
663 77
407 883
749 526
75 547
443 71
286 499
474 627
736 258
212 49
886 94
30 88
188 608
979 855
907 210
70 51
137 579
820 704
215 142
431 586
827 264
837 563
560 141
445 645
893 7
784 453
931 310
702 631
640 779
189 640
618 380
888 826
694 971
896 62
256 157
167 73
813 32
944 904
318 463
24 844
181 93
609 914
78 463
598 485
229 865
622 136
513 852
971 432
207 834
99 333
655 234
605 471
554 507
113 25
609 892
773 27
462 840
691 702
284 120
727 4
14 145
753 73
826 759
630 433
276 660
80 509
777 425
563 504
545 837
985 14
514 780
934 113
972 316
577 212
407 211
930 776
236 7
633 749
10 974
407 64
16 307
39 6
238 700
296 67
988 411
891 658
359 472
452 590
839 850
143 836
827 906
1000 890
784 839
452 733
969 461
60 716
662 824
205 899
900 613
226 510
248 154
283 621
413 726
748 287
127 930
807 102
409 55
586 895
893 743
361 302
842 295
297 746
84 742
267 14
875 821
14 777
552 336
366 968
385 95
205 374
135 15
466 866
33 717
24 440
940 126
945 784
327 948
633 42
510 506
662 471
426 391
906 909
335 757
744 99
51 782
927 785
569 717
54 135
534 669
350 766
519 75
232 217
565 825
712 195
397 919
519 216
831 218
890 642
446 188
251 964
986 401
733 740
388 253
356 137
339 342
51 605
868 44
136 253
378 304
550 692
402 96
810 101
501 438
854 122
937 382
350 197
246 490
374 223
173 709
563 325
543 96
587 123
236 107
847 517
652 565
544 150
880 94
666 745
957 438
49 729
857 152
75 909
419 344
244 780
671 521
766 649
73 188
905 805
853 615
124 857
508 760
879 987
970 773
942 167
232 746
395 224
201 337
847 238
818 288
693 660
965 159
859 692
197 805
471 202
421 813
7 36
335 939
598 999
286 229
306 671
551 683
992 386
498 375
944 101
581 848
623 523
379 472
769 872
646 788
149 292
333 7
741 410
63 866
210 466
964 255
209 704
919 933
388 947
523 168
617 21
798 98
12 691
53 41
368 565
461 308
318 391
677 708
111 340
960 270
809 613
858 530
857 369
621 504
363 460
192 151
517 205
958 465
200 216
209 598
928 4
434 373
970 387
623 463
200 879
80 453
790 557
209 743
92 1000
208 537
529 273
251 413
18 790
148 921
312 519
296 140
98 40
356 880
87 992
143 946
790 331
13 98
340 307
517 337
827 803
404 976
222 955
905 833
639 188
771 808
407 588
818 373
852 160
842 383
520 759
300 135
690 315
383 546
208 494
336 691
730 623
663 189
345 436
533 192
862 916
479 560
671 182
620 734
694 125
863 862
383 768
965 483
977 463
426 351
802 18
424 820
439 643
337 825
263 465
473 265
57 74
4 711
61 530
759 703
817 576
765 266
551 147
308 242
557 638
922 959
646 316
118 463
484 749
394 757
27 849
245 922
912 320
247 256
204 796
556 585
853 249
397 355
492 39
44 984
602 298
217 200
843 12
936 378
78 991
887 351
857 920
378 736
616 529
726 714
107 166
443 888
923 178
525 218
236 646
912 921
144 59
932 172
886 319
680 44
700 55
206 312
98 641
228 720
379 836
32 767
12 26
14 899
111 645
990 408
97 479
158 718
430 947
456 42
654 834
864 369
133 517
618 13
458 910
591 338
224 804
737 938
836 107
819 863
863 946
314 285
650 403
651 950
525 977
324 662
661 241
21 658
355 760
429 447
860 674
368 637
425 394
438 210
569 3
146 340
916 272
55 804
407 415
464 319
907 639
8 607
820 180
52 94
695 756
700 962
203 154
369 246
42 20
544 318
377 739
325 643
986 847
753 72
933 213
334 866
544 28
84 333
710 393
434 140
930 777
952 817
312 592
518 512
631 905
870 707
781 370
654 192
862 103
717 672
79 891
619 862
944 301
966 193
587 188
386 77
614 599
206 485
309 996
126 362
858 847
250 600
575 309
111 665
516 549
280 773
922 252
523 678
517 448
559 630
867 1
897 988
638 21
733 831
736 13
183 258
556 280
258 631
315 650
278 626
251 520
733 848
884 164
206 976
673 909
289 900
539 996
246 956
229 162
608 277
972 782
994 818
1000 223
854 302
836 365
677 815
952 290
113 986
220 986
773 348
43 947
704 919
299 461
835 175
907 522
234 810
592 904
151 585
632 633
70 539
108 746
659 10
19 171
69 501
441 765
354 294
545 247
947 775
449 139
696 244
71 20
353 471
910 103
430 333
438 320
71 165
919 155
801 568
72 696
252 798
95 432
562 263
175 360
782 768
697 1000
846 166
404 590
922 911
247 650
433 202
253 969
73 163
245 191
871 497
448 905
586 99
770 122
386 371
25 433
44 379
262 454
814 115
125 352
529 410
205 648
13 9
794 487
979 929
49 100
289 725
737 215
331 930
465 500
175 77
647 389
633 927
564 791
305 476
159 265
932 527
94 930
333 6
171 439
300 337
671 354
86 801
370 13
704 725
364 563
941 617
874 86
713 875
679 10
77 756
596 868
651 557
144 645
983 487
664 88
184 373
938 930
425 13
100 905
426 993
543 777
79 937
861 554
237 272
458 207
374 427
951 985
808 345
827 727
75 842
773 645
776 183
490 719
342 676
734 170
978 552
580 884
359 483
70 82
260 526
426 919
103 30
748 659
199 523
709 458
819 646
345 555
131 648
408 259
944 341
598 806
819 567
289 512
537 490
223 907
228 531
444 560
11 353
305 286
955 164
672 588
391 1000
206 265
250 882
524 262
305 504
306 787
368 884
295 157
78 215
579 302
797 379
465 242
527 443
811 835
829 955
388 807
669 210
429 433
782 499
930 318
859 204
494 353
86 114
904 349
133 117
617 274
839 336
838 954
603 195
844 239
223 242
939 197
446 343
660 745
130 908
167 491
351 94
14 42
951 799
473 196
114 750
80 418
647 818
360 690
821 971
753 909
22 992
903 809
248 563
725 281
160 377
442 899
625 331
208 871
277 542
848 566
373 69
993 179
156 749
965 641
153 913
61 296
82 48
11 607
47 373
433 129
253 158
305 975
303 588
535 113
421 561
462 167
64 274
317 608
232 660
107 340
2 984
538 994
991 992
173 97
193 803
659 998
861 404
657 903
119 853
884 666
376 770
181 487
953 630
914 916
24 350
423 366
685 87
711 987
712 971
909 655
237 592
181 541
458 911
665 475
388 598
280 119
870 428
211 545
529 644
548 416
181 185
510 559
629 571
731 199
159 598
453 821
594 309
578 686
927 605
413 632
347 335
55 950
973 143
646 255
684 463
394 436
497 47
406 995
522 904
544 704
617 270
321 217
622 121
55 852
4 986
479 120
232 278
387 60
527 46
674 974
159 938
256 731
222 282
631 106
423 609
464 606
543 816
838 576
751 573
717 637
810 161
939 463
887 397
332 700
255 295
922 662
500 446
141 18
736 740
992 606
611 164
334 573
9 608
84 44
550 257
843 265
516 7
59 486
166 574
979 313
943 850
502 486
452 735
969 499
553 140
865 162
349 113
371 425
117 213
359 997
301 554
893 628
50 404
184 984
758 838
822 675
163 98
220 113
3 397
187 120
708 177
103 260
16 768
921 3
885 498
372 219
543 156
139 74
432 208
434 976
746 187
467 158
241 561
42 546
974 427
979 595
530 783
349 227
369 341
521 592
318 286
191 20
410 845
858 307
270 477
594 281
136 602
877 646
939 111
377 924
534 876
792 379
303 726
62 125
1000 510
195 668
549 629
15 169
916 676
646 261
482 464
246 377
528 816
781 546
431 409
180 159
866 330
919 436
406 745
977 611
321 967
416 357
550 240
329 460
41 448
464 969
643 319
113 502
623 191
995 784
300 714
961 128
668 595
156 678
88 20
715 401
607 135
573 19
4 498
903 646
151 125
729 269
608 874
163 339
236 267
248 329
266 680
283 730
677 736
552 129
511 272
297 554
724 135
652 228
780 433
487 491
236 553
537 668
476 88
757 505
850 301
999 396
129 606
343 680
70 416
864 497
591 70
187 470
580 469
381 70
439 874
874 89
35 535
508 335
453 602
186 455
689 420
266 127
802 157
769 76
163 973
917 188
298 684
46 794
893 205
307 662
732 333
509 708
76 489
573 923
977 114
472 582
824 411
273 619
453 781
42 312
393 82
621 724
233 659
954 661
722 601
856 923
268 825
882 915
231 795
320 424
228 353
13 587
401 233
899 630
377 870
777 406
912 763
341 63
144 533
271 420
972 247
541 326
304 843
467 393
217 242
880 414
971 41
459 797
670 387
506 208
623 687
961 876
115 925
981 353
443 862
26 170
339 929
452 640
199 629
934 1000
645 619
222 266
610 431
886 320
158 577
438 241
115 868
810 844
478 726
97 534
641 431
903 174
689 230
599 639
102 61
728 636
231 667
215 374
785 523
129 111
314 37
977 291
172 75
417 354
55 286
537 11
825 605
499 144
413 192
784 476
972 625
257 380
721 951
774 187
320 968
46 950
768 96
732 337
993 699
953 277
543 283
273 599
769 330
988 634
95 640
5 168
299 391
356 252
907 708
930 319
9 62
941 989
507 233
489 934
937 410
612 28
80 133
781 537
752 407
972 132
441 564
268 515
878 298
22 630
408 902
406 657
189 31
616 394
855 718
70 770
363 276
52 729
424 400
995 987
522 553
890 239
504 926
605 520
52 696
491 104
420 164
621 135
250 241
876 93
532 881
16 602
630 20
779 964
139 613
411 472
106 976
415 496
69 415
830 709
563 970
693 903
322 932
633 18
969 909
126 241
775 822
603 983
804 739
320 118
41 758
372 192
343 449
77 277
738 561
427 874
926 320
462 748
984 881
954 9
462 352
34 59
113 722
699 823
59 724
579 269
873 232
238 442
370 82
431 561
493 780
46 764
96 718
996 113
306 239
290 738
700 877
637 770
99 334
541 123
803 928
365 239
8 414
282 549
962 67
503 353
394 663
329 582
610 561
575 285
27 283
715 150
130 512
847 957
813 893
5 320
557 915
815 211
526 98
108 967
549 771
345 275
332 226
45 548
635 332
933 53
350 409
117 434
83 382
377 29
1 567
994 148
44 627
317 929
634 494
407 656
412 778
641 624
629 41
667 772
889 148
706 802
419 207
149 954
153 63
483 768
641 274
169 907
628 486
295 497
921 2
441 878
119 749
45 138
769 246
608 90
519 422
580 144
360 371
841 708
608 201
419 442
152 31
171 333
320 897
872 750
67 396
362 560
769 400
882 315
241 385
647 403
851 524
924 842
927 931
641 222
426 164
215 866
244 5
171 248
427 274
105 396
17 530
678 713
91 929
627 275
39 385
189 500
373 599
82 868
263 825
277 913
80 333
168 14
570 544
754 261
232 554
539 320
372 880
856 508
909 334
403 921
79 680
502 289
770 428
322 263
438 601
830 931
300 602
219 682
454 471
883 707
59 261
903 534
597 781
391 450
344 989
788 822
638 220
813 293
710 951
567 986
537 355
520 591
667 992
337 389
597 623
727 656
697 340
288 915
292 891
811 669
849 610
211 269
146 820
510 315
993 835
877 939
230 170
93 738
150 619
452 263
312 402
538 803
264 533
7 199
928 748
984 232
676 566
336 391
985 81
377 861
871 661
506 571
751 67
129 974
284 366
507 95
324 639
518 499
575 230
910 245
906 273
817 682
113 85
845 284
298 225
781 756
9 995
523 348
564 107
692 32
344 462
571 913
769 809
5 375
749 727
468 951
451 902
143 665
994 395
498 762
692 838
930 847
805 417
772 190
80 742
409 670
633 636
231 321
460 785
221 304
719 333
207 153
101 678
728 944
78 209
828 475
709 456
715 619
224 78
29 787
742 256
83 133
121 314
603 970
334 570
552 412
572 839
811 761
617 698
176 944
533 860
83 106
55 488
681 585
613 398
49 698
244 295
873 465
471 88
473 582
898 474
474 834
131 488
498 406
465 103
986 275
506 893
971 733
882 496
405 939
730 652
479 983
878 907
200 355
988 708
29 896
677 788
716 766
160 832
837 906
930 316
345 324
113 992
590 338
902 830
63 51
986 199
473 40
39 227
117 921
564 500
263 769
526 295
911 949
57 922
904 189
873 728
35 795
978 857
869 620
490 527
257 678
627 918
832 318
460 599
584 867
347 975
260 974
500 459
136 756
389 750
596 965
231 357
809 147
889 413
185 452
953 952
329 118
121 137
631 629
692 751
785 315
291 142
483 918
912 38
327 522
917 319
304 380
701 760
571 180
774 491
336 515
923 755
196 23
343 448
769 233
953 628
514 195
756 111
168 752
153 380
564 858
972 519
510 450
883 100
258 513
336 289
148 453
119 558
34 56
589 266
384 983
771 709
500 579
229 139
266 391
638 809
87 61
423 983
441 923
439 736
498 156
745 909
688 180
617 210
90 747
712 314
255 796
686 939
26 922
703 996
134 289
322 1
548 791
181 970
700 878
682 801
655 216
213 473
144 688
859 583
644 357
798 88
555 66
811 476
264 105
393 331
69 762
325 640
566 582
489 786
91 610
114 641
354 240
838 582
655 404
531 154
825 441
184 303
832 491
910 194
145 976
218 530
701 199
832 282
101 907
9 533
374 401
790 391
738 76
169 479
724 399
246 223
672 290
179 789
840 644
416 608
510 279
154 476
122 328
657 451
697 834
59 361
62 844
999 21
858 987
106 836
148 545
165 589
603 197
580 620
324 162
737 95
665 797
909 975
90 611
435 888
111 779
966 382
854 865
180 912
822 451
716 834
789 964
313 621
298 551
600 751
485 83
72 392
953 257
383 884
404 463
315 764
246 768
154 690
730 725
307 700
10 80
452 435
381 371
590 121
242 987
258 916
885 643
82 688
302 897
285 77
363 885
171 708
370 119
798 917
432 542
531 762
949 23
186 613
542 414
302 867
85 337
621 836
234 809
273 687
129 149
299 351
137 136
777 575
658 282
753 152
971 289
695 170
902 913
857 138
535 529
829 308
890 322
304 929
359 645
749 509
236 208
916 900
709 620
667 310
703 476
743 739
40 778
834 396
467 205
731 828
170 516
446 590
603 374
447 917
66 708
970 958
754 857
573 243
634 259
211 46
49 447
748 383
822 530
235 340
883 480
520 624
336 941
304 203
534 113
438 154
976 733
79 156
513 266
544 102
296 526
779 459
443 494
193 922
784 355
777 766
829 153
724 581
86 618
570 431
272 678
101 39
547 853
416 433
215 35
774 108
668 743
246 927
