957 1097
541 337
680 768
776 366
665 120
468 84
265 150
763 499
248 33
7 25
325 633
803 658
828 353
680 274
671 866
165 795
358 245
884 463
773 189
313 700
470 163
398 554
646 427
636 138
249 760
697 115
14 184
729 781
72 627
689 300
472 908
852 15
417 574
865 33
819 510
418 282
453 68
166 100
775 35
931 631
898 437
559 384
546 93
758 647
595 805
747 439
433 24
144 85
587 853
217 341
296 784
589 813
377 410
360 440
893 114
557 624
874 529
222 508
792 305
11 610
240 936
423 158
946 730
925 598
281 327
680 424
508 513
585 127
287 404
14 756
871 503
150 725
937 209
199 848
60 114
125 60
268 462
949 278
811 216
806 928
435 462
586 908
811 568
540 770
912 756
492 189
44 407
418 558
616 954
136 121
840 222
269 738
464 458
877 739
331 809
380 214
10 857
667 99
454 323
647 275
495 925
36 217
139 795
637 163
207 750
4 513
570 876
391 185
498 771
185 303
625 191
328 777
804 172
527 356
91 854
917 819
769 504
934 872
105 431
550 779
766 930
360 853
115 15
664 515
347 625
670 941
251 318
590 195
501 428
672 136
824 170
857 188
844 21
432 353
501 591
859 827
418 779
465 385
64 203
462 733
277 521
483 210
723 569
444 603
396 810
600 854
383 128
590 120
453 259
826 152
257 56
166 890
591 234
193 695
954 509
440 688
493 539
233 702
87 564
719 459
933 820
893 215
164 803
130 847
846 313
316 147
519 809
875 456
370 224
835 322
398 816
141 419
152 563
776 533
809 457
762 828
528 545
335 861
778 569
737 348
181 870
902 849
853 807
550 529
128 426
508 904
569 62
462 80
762 161
238 412
307 176
540 490
705 241
550 213
873 729
167 484
184 465
671 269
700 224
842 768
694 289
543 558
187 739
339 328
555 612
277 784
192 212
86 529
483 577
578 449
10 882
646 333
241 163
539 708
857 833
244 563
20 473
885 690
302 798
668 517
299 426
37 613
559 345
352 25
243 730
439 30
674 724
259 955
171 858
481 275
883 44
553 4
150 166
169 184
105 947
220 409
512 782
584 313
768 799
274 569
346 474
494 435
779 355
139 637
263 932
857 385
475 183
747 210
117 259
568 494
721 783
255 444
457 461
721 902
685 152
240 836
441 274
730 32
497 288
779 554
442 732
900 933
721 920
109 551
881 812
510 767
940 311
274 106
803 618
957 859
555 842
105 948
453 475
6 459
182 466
58 842
911 928
143 305
338 657
429 357
737 722
252 514
646 898
494 544
11 891
471 588
157 79
297 768
686 776
592 711
673 269
798 847
732 752
923 665
138 780
843 925
693 619
298 856
565 463
719 936
853 197
257 78
832 78
355 816
584 582
462 278
874 67
392 634
267 44
404 300
628 697
756 915
64 431
99 38
590 595
735 915
236 300
64 635
261 280
823 948
39 636
866 876
759 826
167 96
510 647
509 635
953 50
567 884
3 226
657 115
138 241
725 539
276 597
467 692
232 459
200 32
621 229
347 223
939 481
945 936
843 174
874 794
896 233
621 491
93 154
940 519
923 573
508 562
338 726
642 947
636 414
940 384
951 737
914 187
443 336
523 916
603 490
333 167
625 791
275 512
10 661
843 121
579 389
233 858
536 744
743 175
588 922
566 927
232 704
640 788
698 716
263 915
473 64
956 404
470 583
918 166
665 834
211 332
193 864
750 669
234 930
126 506
345 338
526 551
689 192
325 818
202 247
41 304
526 170
213 554
129 9
860 224
412 858
161 245
300 409
745 300
525 546
328 759
58 802
313 373
391 763
541 475
285 115
871 376
266 204
215 514
858 610
202 565
154 382
7 816
139 750
157 195
477 185
627 737
594 732
420 29
890 629
616 588
876 13
121 421
74 582
704 146
369 26
80 640
173 72
293 667
632 897
201 869
178 724
363 720
156 469
680 739
897 99
131 588
745 751
620 360
213 226
25 108
815 527
701 929
205 188
191 397
941 445
120 183
638 735
472 74
484 744
674 12
531 306
542 602
575 617
490 936
424 86
859 754
654 39
239 737
476 245
811 631
149 132
66 278
364 875
326 748
731 104
664 214
597 492
702 870
757 142
362 424
127 232
244 515
775 97
889 338
729 856
369 903
274 603
613 340
596 302
747 232
698 302
562 390
604 814
130 153
223 499
326 442
42 323
186 812
790 597
548 502
837 585
948 23
870 545
179 539
611 510
455 755
436 329
44 363
580 770
947 32
478 281
650 118
279 216
600 95
79 460
486 772
710 681
381 111
87 560
214 397
202 940
20 322
532 564
650 883
10 92
914 711
225 165
310 63
942 573
841 228
530 799
427 111
917 562
861 901
132 299
94 719
85 944
715 94
348 50
141 101
396 317
798 72
666 104
15 413
251 548
511 296
257 715
85 140
872 514
789 366
219 937
36 425
945 700
126 860
580 844
283 604
410 918
500 702
867 222
731 195
933 750
718 762
221 718
683 569
572 377
449 720
552 239
737 821
595 561
449 572
820 2
121 216
474 106
580 945
308 350
828 931
461 134
2 303
178 593
955 425
114 181
635 224
861 369
641 715
580 841
396 841
683 514
460 697
782 257
494 730
136 444
772 930
848 312
869 354
804 587
286 891
84 439
824 552
946 67
62 853
854 441
892 42
764 326
303 22
703 524
777 272
31 24
136 447
247 826
296 49
799 712
713 887
190 920
422 229
416 890
74 520
105 672
536 424
640 794
779 702
609 517
609 410
317 449
861 699
564 906
930 770
107 801
955 388
442 132
465 858
809 414
643 549
380 313
875 870
178 407
266 523
896 378
134 61
788 696
530 15
699 111
819 113
28 22
461 944
221 139
72 595
558 250
593 345
562 201
712 550
324 1
391 928
347 9
647 574
653 405
787 62
928 470
627 833
666 474
940 846
93 425
396 359
133 327
320 370
438 613
212 253
559 934
257 947
9 932
68 786
76 488
164 512
418 327
633 701
212 439
286 431
895 290
116 536
884 130
780 213
16 808
692 30
814 685
343 937
831 782
387 476
815 786
543 259
652 219
512 860
527 699
633 784
80 880
407 304
268 302
206 126
78 947
74 493
152 16
422 768
172 760
671 155
729 128
125 141
533 647
196 641
610 26
627 603
364 595
791 41
823 492
221 108
50 422
329 382
502 584
336 707
211 42
893 907
620 361
529 881
166 933
399 891
233 864
294 646
255 517
693 492
102 725
830 380
148 92
589 658
606 752
203 181
335 324
684 682
248 905
780 648
778 124
105 556
99 111
773 132
645 735
301 418
709 293
715 34
600 326
80 675
790 166
392 405
147 46
452 270
758 546
103 447
457 95
250 853
156 90
825 483
409 442
29 444
715 337
157 797
656 681
471 779
189 191
463 127
297 557
141 934
331 890
552 345
243 748
784 404
242 725
254 914
357 264
583 809
952 585
4 189
375 158
267 196
879 151
653 856
29 529
394 560
203 777
274 653
331 694
649 842
320 934
124 719
442 46
615 650
676 405
26 494
538 415
844 675
850 684
621 726
689 453
504 915
760 840
616 194
475 437
46 242
883 452
429 540
523 606
37 294
16 918
168 19
406 885
174 309
518 603
37 604
420 587
406 478
360 377
870 804
111 280
158 736
19 351
718 595
624 446
902 447
205 880
683 221
511 631
904 604
756 485
948 207
265 755
224 477
757 813
131 272
557 267
288 8
447 680
285 72
209 743
138 685
219 793
900 913
494 635
225 346
839 222
205 413
215 442
316 301
351 896
579 878
640 353
49 363
465 876
500 929
605 704
755 325
588 325
432 665
622 623
753 185
8 876
417 775
577 618
335 339
585 824
513 254
942 957
299 576
804 371
124 784
291 343
522 237
502 751
199 926
931 606
147 69
95 795
265 11
467 396
948 690
488 240
805 674
574 155
749 129
121 624
374 834
691 550
511 561
741 217
802 781
215 288
283 587
820 691
82 831
666 435
226 956
623 364
819 339
382 309
34 210
533 577
437 151
448 690
899 223
593 355
314 459
462 637
870 187
415 867
33 638
691 346
704 636
373 622
146 782
346 338
188 554
584 395
615 205
269 282
957 864
1 242
550 695
15 105
775 488
92 383
881 147
939 324
558 432
721 167
393 21
638 226
936 890
582 451
946 518
76 624
830 755
3 359
957 454
766 929
117 203
69 694
273 839
800 83
218 796
687 11
351 310
364 628
528 948
87 955
214 106
892 876
38 911
27 512
692 554
854 575
780 423
719 384
495 111
356 12
57 705
612 547
284 442
774 945
773 193
205 234
953 266
137 794
780 756
722 514
756 149
710 545
265 918
686 621
705 591
215 20
19 911
566 153
920 439
474 682
953 2
443 831
662 161
349 15
786 458
556 690
29 39
407 63
872 87
66 50
298 167
290 8
229 747
891 108
105 695
252 245
325 276
250 843
415 631
440 503
155 773
422 315
45 489
850 702
360 922
366 214
102 531
164 167
335 947
529 570
157 670
714 779
773 911
763 435
890 159
437 134
447 406
265 452
195 295
293 234
438 705
334 706
613 514
236 502
66 839
503 446
595 31
141 290
284 478
905 180
706 754
348 637
622 4
353 752
409 211
694 499
822 293
929 463
837 334
344 67
648 694
837 876
12 515
286 294
707 695
670 851
209 301
464 563
100 320
43 567
710 37
919 217
798 187
437 240
247 554
501 342
870 863
462 310
316 104
95 620
398 156
57 558
662 671
662 658
732 511
152 216
434 578
24 38
283 82
821 155
601 864
703 849
820 172
164 503
899 307
565 265
108 538
511 756
41 582
125 916
117 562
137 346
784 572
543 772
62 777
928 664
315 588
255 326
165 78
643 406
87 901
362 475
275 686
801 455
50 543
937 837
764 39
115 844
666 20
869 126
58 251
251 827
896 200
2 347
524 192
133 301
326 501
805 879
98 12
443 126
756 325
901 898
252 302
