1000 9892
376 649
622 362
988 656
366 36
497 139
101 845
907 730
566 194
588 285
73 824
901 284
955 694
649 359
354 487
372 876
191 232
484 870
657 668
347 550
901 25
26 837
423 965
544 266
462 789
393 306
503 187
30 569
119 345
695 825
574 954
26 756
982 463
915 258
778 566
853 82
726 960
104 463
126 652
18 899
921 754
350 52
79 542
687 991
412 655
89 302
2 399
511 67
648 485
870 654
62 603
890 56
729 254
239 853
535 392
166 501
169 279
245 36
302 21
508 826
89 712
684 981
596 249
945 263
527 597
201 23
697 890
702 365
558 181
272 158
225 127
16 172
291 98
590 586
516 617
917 706
858 74
235 449
897 838
127 759
58 458
721 634
115 791
836 442
82 52
380 689
32 367
237 728
667 807
737 993
965 256
931 983
842 605
310 223
348 262
376 34
703 668
119 581
524 257
484 198
10 952
860 361
756 298
333 39
336 469
998 475
414 824
971 685
663 500
242 995
329 710
399 61
238 15
209 379
802 496
454 551
36 964
935 44
683 31
977 894
975 799
320 519
623 319
85 265
769 618
185 355
575 106
925 359
345 101
751 693
319 723
387 595
187 951
830 143
961 508
598 477
198 341
628 810
429 927
411 188
305 657
88 95
80 298
438 663
241 821
832 174
390 778
83 356
190 520
340 125
287 406
734 69
349 249
424 176
170 988
745 812
597 851
585 955
892 785
71 803
378 195
117 254
874 475
201 51
844 995
774 456
64 277
291 30
554 664
849 536
810 814
996 729
867 723
353 698
724 927
11 28
603 582
193 945
414 491
152 150
885 396
163 822
37 977
461 5
797 683
745 138
599 867
926 465
677 981
203 594
789 967
836 486
360 55
949 129
915 785
772 910
789 808
703 918
426 206
959 504
143 239
950 277
590 316
138 813
51 580
130 845
661 479
55 800
617 499
247 88
216 436
930 432
414 577
74 574
256 559
226 853
652 857
959 815
446 374
285 940
821 778
227 101
523 688
467 466
714 625
342 918
660 639
477 757
246 50
946 348
862 852
490 608
520 25
259 33
951 514
607 172
684 895
938 667
455 747
819 436
415 321
363 16
277 416
459 748
227 545
526 301
642 310
127 984
628 595
412 705
336 819
600 180
304 337
358 228
839 623
2 8
576 429
63 689
675 307
216 829
435 714
590 642
976 754
23 979
641 272
516 688
956 431
483 659
159 128
309 60
471 146
275 639
324 464
950 36
917 438
884 296
902 443
745 102
829 798
348 665
759 605
523 131
686 589
543 332
232 222
756 688
976 205
726 505
855 223
632 382
489 578
612 496
405 708
446 48
32 324
3 181
398 439
476 979
902 775
172 736
467 656
907 927
398 38
825 250
367 647
761 756
227 48
355 71
89 55
640 673
995 55
62 322
998 958
454 277
240 20
94 179
60 359
153 643
192 855
869 931
699 528
892 516
179 83
383 147
871 385
978 945
874 750
935 45
912 958
677 65
236 503
383 96
296 36
430 51
562 82
753 692
294 610
253 965
914 535
168 141
283 588
358 128
654 621
93 941
633 200
690 385
763 861
110 656
970 657
315 460
555 720
510 313
673 579
563 595
824 721
36 497
720 610
42 626
59 816
243 15
929 426
837 737
896 221
54 245
773 213
924 747
814 563
138 48
376 539
416 434
312 259
707 154
871 663
927 897
52 333
773 299
901 358
812 327
636 387
546 119
674 160
693 196
125 898
933 597
845 393
955 713
830 295
824 252
553 962
56 102
663 289
60 694
811 406
299 698
584 540
218 262
311 871
866 506
160 17
970 396
943 467
673 415
468 945
235 870
967 41
770 460
40 856
937 238
357 778
948 490
550 98
23 486
409 438
597 973
526 459
931 537
723 923
615 729
373 30
871 307
2 174
209 857
170 904
615 814
581 362
606 951
398 664
758 786
451 474
823 338
227 69
455 814
59 1
831 871
334 389
270 941
362 946
202 539
721 633
979 833
783 199
430 523
927 577
448 342
976 585
573 617
941 389
465 468
672 864
860 251
314 147
6 197
390 36
176 144
711 896
783 290
992 274
332 787
246 841
8 879
176 367
160 612
158 147
755 245
650 75
686 645
411 597
964 367
289 871
363 828
919 821
830 368
815 644
247 454
51 619
397 555
443 455
43 768
206 601
947 677
450 919
566 457
551 31
790 957
773 33
706 196
600 706
99 920
205 463
216 247
491 335
701 304
355 236
69 550
826 831
938 789
151 192
101 917
943 100
766 921
359 349
458 126
890 93
88 207
201 976
199 709
168 39
788 889
456 738
112 324
928 724
98 299
705 497
889 12
905 791
547 498
36 117
438 801
495 944
961 536
362 7
770 62
828 932
819 535
948 945
219 803
940 769
997 752
943 766
488 960
470 592
384 139
537 123
385 230
793 225
137 581
708 500
232 453
12 387
633 769
768 801
785 645
915 562
30 43
953 340
926 804
699 840
917 241
997 35
393 909
638 815
369 318
858 268
650 111
462 513
432 628
87 172
915 129
437 461
938 290
685 535
946 793
468 565
285 137
957 259
875 163
368 705
924 864
651 536
801 235
749 245
713 807
322 289
14 155
489 784
753 67
455 511
830 217
124 56
288 224
571 987
697 644
783 699
176 733
22 529
478 55
110 913
772 225
238 48
540 69
196 915
767 324
658 248
905 593
168 3
518 807
287 255
912 130
32 299
866 857
461 531
543 625
176 653
840 612
179 562
110 778
845 749
594 943
831 814
38 806
905 924
90 766
817 174
202 704
482 688
340 598
328 54
898 382
886 336
728 567
512 740
324 66
452 159
699 118
427 843
540 665
983 822
189 845
599 774
450 283
731 182
738 818
133 774
336 414
321 494
795 563
927 940
877 753
32 416
717 72
129 349
759 717
459 297
702 375
791 327
851 879
854 402
527 360
273 685
76 54
167 329
761 778
781 717
180 244
74 595
186 837
170 462
333 562
155 318
818 594
854 124
378 173
570 559
365 353
493 812
131 313
830 245
192 825
549 851
238 512
403 557
960 318
501 210
619 531
840 964
550 71
990 910
994 85
445 299
691 47
965 692
987 753
957 432
74 694
618 817
957 289
872 1000
706 611
377 175
305 954
892 858
508 647
948 676
588 579
809 378
904 514
120 903
638 457
187 43
819 734
209 600
549 457
788 535
648 158
645 934
23 461
318 994
600 431
261 527
276 466
6 847
888 106
390 430
361 46
197 944
55 310
646 895
884 158
902 338
46 559
966 908
751 366
698 979
979 627
125 191
76 485
997 123
856 833
673 797
677 893
460 542
509 689
458 677
977 135
246 524
427 226
484 913
485 440
802 490
199 382
128 261
17 404
534 925
795 671
959 128
686 840
854 446
638 577
293 326
699 719
341 365
35 915
312 832
830 6
578 39
670 495
469 246
217 69
476 726
118 135
653 648
892 442
491 499
277 660
98 179
423 698
118 54
728 230
36 749
101 945
82 293
287 444
912 429
37 42
625 541
817 369
344 555
736 381
405 956
559 727
11 869
139 168
893 681
125 287
474 521
606 726
205 679
866 611
903 170
854 828
953 605
880 651
868 584
353 525
391 999
444 543
452 215
590 917
810 400
765 177
21 279
354 820
858 324
416 479
918 284
916 36
510 647
756 347
281 747
998 424
932 782
937 674
639 301
873 786
586 443
195 314
852 16
713 697
275 114
788 851
800 787
274 198
55 847
406 587
925 357
48 999
251 224
911 950
169 181
126 143
299 566
47 828
716 749
126 863
400 399
368 19
424 261
5 360
298 482
692 182
360 695
780 463
65 390
728 194
369 520
904 877
287 400
127 81
112 246
168 40
260 600
908 220
583 354
558 139
405 310
577 269
780 486
306 285
435 579
131 858
617 633
210 961
363 550
528 486
163 77
353 949
97 465
135 147
357 783
509 68
442 15
524 193
728 604
751 448
20 800
461 946
300 833
86 545
19 933
803 411
826 88
404 54
559 958
727 296
307 677
148 51
924 556
798 45
727 153
474 33
256 148
276 863
958 855
598 779
215 858
364 624
682 925
521 281
105 404
33 215
905 943
519 670
846 987
446 485
492 328
968 613
346 825
467 861
223 221
688 612
753 66
38 34
403 675
174 610
545 862
883 143
145 168
143 685
613 880
437 896
259 416
192 845
517 52
835 757
507 580
696 95
218 529
165 54
757 940
792 800
466 197
74 496
974 679
296 74
120 654
687 6
726 744
320 478
107 120
14 724
456 688
554 969
574 396
481 67
338 332
999 129
348 789
206 495
353 905
177 219
131 694
244 213
546 395
10 525
839 766
642 86
715 564
862 677
370 607
760 171
443 233
561 398
232 516
684 332
477 458
45 134
215 314
396 624
73 709
861 356
148 241
976 530
405 782
160 719
779 508
592 578
862 854
225 627
815 1000
944 207
747 530
59 756
246 950
281 562
963 74
765 490
567 340
826 350
720 309
739 531
851 641
431 721
398 266
733 765
946 826
857 493
91 933
989 900
632 639
744 89
321 184
855 831
714 689
181 860
891 450
221 766
429 690
982 422
566 545
740 380
744 887
709 779
1000 641
967 71
364 24
458 213
221 689
947 43
674 689
737 579
921 644
539 245
691 46
17 227
715 404
681 213
630 33
373 56
19 730
232 819
804 469
101 543
192 277
456 394
40 329
847 70
280 760
604 345
434 577
861 422
510 172
76 505
103 295
909 577
876 756
775 24
124 276
569 641
362 641
436 648
46 927
509 735
935 295
812 434
595 578
11 405
804 351
772 576
665 688
336 10
674 190
17 609
632 556
794 839
190 68
58 50
32 354
342 131
215 755
626 54
330 587
978 313
982 83
568 131
551 458
238 963
313 488
904 133
527 526
564 119
549 741
531 102
476 727
972 236
685 423
605 654
294 851
795 218
243 905
844 645
84 285
222 241
424 72
903 848
705 201
126 621
114 825
438 868
706 725
581 455
50 17
692 608
282 439
219 650
993 499
940 618
499 682
316 332
101 674
118 832
233 506
106 776
251 940
774 737
316 291
248 217
304 283
322 972
54 875
55 198
594 884
867 696
346 460
580 423
690 419
233 276
35 106
861 394
277 41
992 784
784 307
587 60
901 900
24 328
500 853
391 998
196 78
589 401
864 240
854 543
488 132
842 683
538 736
390 181
998 478
121 890
43 831
238 419
440 470
495 304
150 853
445 603
637 231
622 261
705 591
808 848
76 232
332 66
523 427
293 377
574 970
209 538
431 495
878 444
994 329
170 391
652 775
209 683
655 444
472 99
346 580
352 905
169 197
232 532
248 714
377 298
115 414
782 49
473 895
348 637
717 548
900 452
142 259
18 885
257 555
166 389
813 566
425 781
815 24
469 604
553 9
78 972
500 326
727 897
304 473
140 183
307 243
273 466
790 217
421 682
81 649
230 298
286 616
804 493
399 779
558 445
760 289
690 500
88 414
457 879
539 428
956 279
637 726
895 258
515 368
352 130
998 9
659 861
91 367
821 955
44 995
492 777
857 1
955 311
59 890
78 138
544 794
162 97
509 790
256 230
594 412
578 569
711 759
951 205
440 498
707 84
659 281
117 807
816 716
693 58
364 640
492 461
873 926
109 84
536 931
972 86
811 464
815 597
264 109
696 112
442 936
441 603
136 39
943 292
210 284
421 414
147 681
781 339
883 972
669 498
936 713
936 492
5 621
64 39
175 349
892 705
783 530
341 609
93 475
463 86
925 829
415 467
775 627
214 971
69 92
235 364
883 520
150 247
742 381
173 46
853 572
404 711
2 950
120 75
780 233
504 490
470 515
833 414
337 190
101 301
894 106
419 464
183 283
154 527
121 720
567 433
436 693
305 782
718 7
261 462
998 279
379 421
915 961
955 448
993 629
522 229
280 200
854 694
711 731
309 67
829 908
133 917
831 194
372 741
274 377
485 386
378 457
843 641
551 80
722 766
213 505
216 403
507 148
683 233
354 289
238 919
96 956
299 625
49 870
393 500
956 693
6 732
680 687
866 166
961 154
446 962
969 695
531 408
236 498
101 828
541 527
505 503
178 55
107 103
933 421
75 901
884 693
761 166
178 349
727 841
636 738
840 563
115 999
926 998
465 690
943 972
145 684
362 202
549 358
6 547
233 319
453 290
898 209
148 432
223 924
331 970
82 76
926 739
819 593
803 116
257 72
612 972
298 628
25 212
98 930
229 412
267 179
361 44
457 513
977 330
794 640
819 879
573 804
500 528
746 296
54 379
422 767
423 18
716 474
180 261
199 491
589 95
631 484
321 377
536 132
170 142
298 91
760 610
998 891
781 670
214 95
165 393
627 754
80 159
890 384
259 542
887 821
256 746
843 770
584 622
972 237
796 447
256 530
763 208
819 162
731 638
861 547
471 827
113 315
791 792
574 152
334 861
705 95
535 279
421 339
923 49
264 402
412 570
217 406
330 159
611 226
746 993
745 820
743 481
502 433
971 131
808 126
610 54
224 357
338 277
304 397
676 189
131 864
225 141
170 774
600 367
995 390
145 900
456 423
233 149
419 357
559 721
709 68
586 785
714 298
386 948
915 699
478 875
788 683
712 839
550 783
371 50
278 578
742 103
858 544
327 999
681 989
132 727
797 707
581 828
90 889
310 834
759 250
332 35
30 93
345 429
253 268
533 426
495 307
99 634
746 415
419 855
497 171
831 26
190 150
358 856
844 151
403 427
521 332
354 391
140 803
933 967
536 783
39 324
8 177
740 471
544 298
962 568
251 226
414 760
990 667
792 552
692 1
804 987
190 722
840 911
749 449
805 511
844 347
44 871
406 282
749 338
753 791
383 84
403 980
887 708
320 118
193 504
835 825
178 108
736 590
273 320
132 648
630 110
5 921
192 176
466 307
247 914
984 396
822 956
235 242
453 55
715 300
19 789
524 782
373 352
32 664
72 981
325 804
328 319
789 414
225 169
994 24
154 231
563 833
415 28
790 56
23 971
410 444
234 88
326 632
718 270
349 697
336 760
318 952
194 762
973 661
906 783
196 163
396 989
181 273
522 383
747 552
587 863
564 581
228 160
366 113
685 643
281 709
121 902
195 395
363 797
271 38
39 10
920 812
207 932
686 791
676 294
911 246
753 358
173 452
511 626
220 893
692 455
265 811
161 265
169 774
284 224
427 77
695 914
51 563
443 577
777 289
139 840
514 692
574 664
502 690
544 131
732 760
434 23
127 230
933 63
681 46
611 173
630 219
457 214
245 119
653 944
88 174
235 65
295 939
386 69
870 549
905 679
620 628
250 398
782 64
328 460
606 995
273 398
26 31
482 621
943 968
785 282
970 790
681 345
791 260
461 737
210 931
338 108
466 57
886 724
768 627
549 466
111 673
846 300
723 35
318 965
599 588
343 370
282 500
736 150
205 365
673 699
261 788
547 94
430 582
649 955
208 430
957 847
638 108
529 712
863 777
534 315
549 274
115 497
320 903
962 586
837 666
786 668
737 817
868 41
384 904
738 817
686 593
263 384
121 817
755 431
16 707
498 189
501 746
119 303
157 14
672 831
96 736
81 380
929 974
986 9
205 759
648 946
522 855
982 53
345 48
972 123
540 791
14 168
30 593
14 122
36 534
222 505
999 739
804 531
553 277
716 199
493 698
706 15
134 834
322 546
930 805
627 853
249 159
212 21
286 884
252 790
40 158
421 271
499 547
862 607
504 843
178 52
187 875
849 809
466 155
945 286
819 261
932 236
182 455
405 364
601 410
871 489
512 822
840 387
328 375
461 645
832 807
157 652
774 549
611 645
171 624
319 392
694 332
280 920
846 766
746 119
175 805
637 511
855 296
567 404
256 48
239 71
719 713
881 822
814 567
375 903
357 392
251 669
215 62
293 912
994 895
613 199
674 77
33 435
844 710
298 969
278 426
11 484
967 993
623 779
492 391
536 133
602 138
655 132
786 821
695 647
95 843
578 435
677 639
511 667
312 835
518 279
555 623
62 147
725 305
504 683
861 689
134 671
563 315
285 513
469 356
472 56
861 546
113 314
575 672
541 496
445 475
787 944
936 278
390 803
127 212
875 283
568 705
715 434
588 700
438 575
519 770
921 535
575 902
944 912
451 672
641 912
116 316
867 476
338 274
139 463
527 592
73 71
515 120
974 959
701 861
675 382
987 560
415 59
384 389
304 236
362 958
258 277
867 779
16 361
31 504
931 490
133 552
452 210
884 253
978 134
979 675
46 590
910 995
768 968
862 812
629 559
617 111
284 682
768 103
487 857
529 74
891 393
928 637
30 493
512 124
180 282
568 656
20 323
117 833
557 484
963 29
890 707
561 993
582 953
308 907
354 812
795 636
745 769
105 590
837 773
125 531
401 317
864 685
123 316
557 646
62 60
629 671
948 5
237 458
535 999
662 771
316 959
767 432
236 134
164 635
170 276
668 59
905 351
999 555
488 485
853 482
636 982
654 237
69 435
951 565
18 883
844 683
113 439
114 968
408 683
691 104
50 416
452 604
161 793
473 543
19 679
793 568
593 894
818 93
247 725
639 247
35 349
880 238
164 63
718 706
224 258
978 663
540 434
727 880
174 112
432 383
287 179
240 540
900 538
685 284
633 27
797 866
632 898
50 789
642 113
629 69
663 293
791 336
408 359
893 842
340 574
125 288
837 173
771 924
242 636
496 852
560 857
228 575
45 159
11 19
362 805
572 720
77 270
335 618
195 223
12 447
79 3
755 951
422 602
940 35
756 579
318 667
310 733
841 77
362 711
437 55
367 170
544 907
427 1
375 847
157 184
125 868
831 134
336 69
91 813
773 367
685 531
351 388
725 663
801 550
216 441
15 93
860 654
991 180
43 876
173 821
399 759
326 255
914 825
470 365
866 603
554 112
293 492
296 384
424 341
332 326
706 87
299 535
985 20
928 976
715 143
878 713
420 993
647 782
66 937
840 940
680 693
165 51
792 803
903 773
942 725
778 858
1000 582
454 83
5 619
579 650
17 149
164 204
331 629
369 698
758 188
541 187
743 296
340 269
688 721
785 136
240 681
62 886
429 49
178 371
126 133
236 573
348 903
19 929
266 926
379 891
34 402
650 632
102 962
109 153
151 825
290 789
738 637
131 601
279 689
764 765
581 977
684 478
208 431
614 27
310 152
298 688
81 192
711 161
826 234
792 54
998 484
589 185
440 400
137 464
104 29
746 468
752 665
470 60
769 651
38 784
646 211
759 382
65 918
557 81
271 170
627 280
683 90
602 38
531 990
810 107
446 279
284 86
412 387
169 242
808 471
75 200
437 993
994 510
903 984
207 511
123 708
394 916
437 786
630 181
610 199
173 588
31 562
213 827
164 145
737 689
274 721
974 646
374 358
216 329
552 250
365 673
115 626
47 309
577 714
709 477
140 968
933 62
490 5
318 791
637 555
709 110
70 981
185 578
277 18
257 439
121 400
107 677
242 644
738 513
25 218
637 269
58 967
894 388
806 794
958 673
775 21
291 943
391 780
312 409
370 179
43 347
134 54
462 713
659 629
953 144
354 671
688 227
816 936
545 366
746 441
233 778
198 788
623 861
882 169
996 718
466 640
655 790
829 926
255 978
327 321
775 473
320 561
907 545
621 349
577 381
751 814
990 530
437 690
740 61
613 777
277 760
913 445
911 94
790 773
576 657
878 250
762 708
999 689
530 190
952 148
492 53
810 222
359 35
248 689
766 791
92 994
53 612
958 313
528 562
144 811
124 111
405 614
845 494
348 698
684 828
981 474
106 996
628 609
225 18
779 545
640 469
16 19
235 153
516 448
315 1
351 320
858 925
529 843
456 425
595 438
947 396
482 645
305 132
452 61
884 984
888 27
484 494
219 843
632 32
707 974
10 290
599 740
876 731
549 363
462 268
158 5
146 565
608 136
367 145
719 684
828 352
270 498
169 969
377 523
600 971
177 910
52 302
95 648
902 166
928 493
711 562
894 636
643 786
955 744
242 330
228 446
212 539
566 450
199 239
702 130
995 148
981 969
815 493
469 37
566 637
641 733
843 984
810 35
902 595
670 463
602 385
394 842
165 141
97 591
773 974
79 587
8 200
819 128
71 215
921 720
234 998
444 75
320 217
853 939
195 779
640 908
74 472
365 583
350 421
870 168
374 422
255 104
883 787
349 243
692 452
776 299
960 24
980 75
286 732
527 518
883 640
336 845
776 442
335 49
173 182
343 296
974 920
120 963
529 823
419 219
793 970
499 425
463 258
176 964
214 652
729 664
234 70
362 915
839 679
104 577
480 330
667 606
120 161
547 164
569 988
997 844
29 682
158 982
306 861
612 533
6 154
10 169
99 803
360 430
840 912
987 219
203 584
177 302
42 710
171 502
523 157
764 815
363 910
343 172
129 926
868 989
246 985
472 518
803 586
54 464
916 427
848 417
798 819
882 707
75 368
136 204
688 393
454 916
511 717
57 846
811 469
425 146
759 443
942 905
318 167
321 65
235 519
604 644
952 221
683 799
958 407
264 255
801 456
71 42
351 867
76 387
832 482
969 527
607 5
633 762
740 698
304 666
839 182
790 414
738 576
166 420
745 865
801 667
434 996
640 775
715 381
607 315
865 328
615 796
443 738
303 762
306 170
861 188
516 265
511 359
278 972
980 222
487 510
179 569
254 479
809 402
206 354
577 670
945 210
443 793
894 143
483 776
948 914
220 414
793 87
542 954
695 330
943 665
965 305
354 918
928 873
671 227
86 577
825 727
988 869
419 418
2 582
544 825
891 698
582 597
879 509
129 841
955 453
439 684
546 250
163 566
627 509
976 195
495 373
336 34
190 221
446 171
817 565
275 227
218 10
99 261
928 277
910 357
234 784
42 111
227 169
181 856
383 405
479 71
248 807
697 314
705 967
355 218
527 186
868 925
491 266
463 864
291 563
312 630
567 671
41 233
832 236
546 918
675 614
145 315
473 598
46 485
83 403
481 962
430 164
583 294
509 437
73 809
629 100
889 207
624 300
331 894
704 244
672 914
745 409
708 299
121 407
625 807
849 491
747 468
769 548
237 638
571 98
186 460
171 272
265 281
739 543
985 836
286 99
241 468
281 609
45 392
841 633
495 280
962 479
46 786
341 898
976 175
170 250
797 399
603 64
967 995
548 711
553 955
664 508
811 127
564 349
87 448
489 945
62 6
925 412
375 453
32 469
948 35
548 933
570 605
868 346
155 273
963 614
326 282
327 247
113 175
866 359
4 42
886 866
726 987
658 27
587 387
382 541
164 464
494 655
868 440
961 202
718 303
856 416
986 847
390 801
501 34
653 869
912 289
716 84
878 992
386 920
886 447
850 484
283 689
741 926
776 622
965 70
876 423
179 625
953 646
193 49
420 333
871 156
859 636
487 663
14 861
558 414
599 630
38 102
432 2
915 687
953 608
935 528
96 255
884 72
310 852
132 722
173 645
564 765
661 806
766 255
327 625
536 342
979 530
229 159
366 88
629 734
506 126
137 414
410 906
90 102
56 810
630 788
596 940
769 60
906 170
817 637
604 899
185 507
722 562
106 299
755 390
646 299
596 642
78 665
264 117
66 161
44 886
324 889
74 660
772 469
596 753
241 512
339 520
770 722
846 103
297 28
118 228
378 81
765 835
661 888
248 573
389 581
840 769
530 69
877 282
238 684
260 950
727 288
140 220
363 45
71 500
331 587
630 109
575 932
597 860
266 646
362 367
364 401
899 422
482 580
158 539
468 407
953 817
664 700
184 966
528 475
451 444
35 189
419 218
762 494
836 809
525 936
714 333
954 316
438 69
334 26
840 187
551 663
399 602
129 66
480 314
978 217
745 226
360 256
862 895
556 190
205 424
613 315
595 800
281 424
360 431
432 780
950 450
534 653
370 248
962 404
108 836
509 643
684 169
333 341
524 654
567 525
623 84
660 962
720 221
494 152
441 780
705 559
603 136
704 874
739 984
960 923
703 125
65 825
670 270
785 190
341 156
859 339
402 112
924 237
997 481
702 14
5 294
652 807
815 373
230 831
982 270
236 228
915 323
311 730
313 661
192 834
967 495
698 376
826 989
889 359
783 489
18 740
383 474
296 990
979 225
283 712
623 972
572 178
645 682
546 853
28 700
893 522
840 618
468 427
876 344
537 654
809 401
813 329
468 416
980 334
619 6
77 551
380 530
92 414
42 871
232 521
358 505
859 676
287 951
434 553
864 94
223 821
851 328
963 386
440 215
306 288
738 258
647 228
794 680
137 619
549 31
197 599
399 303
684 377
480 693
416 429
238 492
459 449
636 263
983 18
180 301
567 339
825 944
872 501
194 129
20 261
351 341
890 761
906 354
194 48
806 381
859 270
271 180
220 860
367 543
687 559
329 552
941 796
820 147
270 116
697 456
865 830
807 951
919 601
422 147
613 868
687 749
874 932
626 497
330 818
296 382
95 118
901 207
632 866
284 199
748 796
182 926
454 147
973 749
995 909
833 58
961 237
446 631
486 512
179 88
737 582
442 682
795 98
670 806
784 753
865 506
59 431
980 29
800 395
183 774
644 788
832 28
904 697
502 472
840 567
558 161
460 964
796 622
871 490
912 115
166 818
633 550
172 315
869 548
932 461
936 776
3 467
261 763
137 933
29 591
46 343
27 451
333 945
495 212
819 962
414 42
634 975
533 33
347 114
811 963
993 548
638 798
622 387
950 394
161 512
224 598
599 913
533 259
378 87
425 446
375 166
198 677
898 819
702 277
561 587
411 876
203 206
310 678
773 54
346 762
700 925
578 33
102 875
356 439
587 309
606 467
916 561
593 740
188 344
170 319
738 401
706 413
472 59
723 578
460 548
796 142
763 325
302 323
882 589
226 233
580 1000
636 572
486 703
452 635
862 42
19 652
705 381
687 197
106 994
805 138
595 346
871 441
853 670
177 149
107 468
421 514
62 780
174 202
305 41
309 545
440 816
883 452
810 818
794 95
283 990
325 311
310 437
793 925
667 628
598 940
859 748
970 527
20 778
558 270
232 464
267 211
395 486
205 877
953 464
21 416
81 253
400 59
674 394
902 43
570 75
254 976
521 517
376 574
659 403
660 184
739 705
663 823
462 556
247 302
456 696
176 501
621 541
547 710
103 740
299 497
781 813
967 595
252 439
541 109
708 994
857 296
732 52
492 373
19 127
204 129
631 234
615 792
337 608
446 322
322 212
454 825
769 915
240 373
147 803
222 293
276 645
283 163
708 640
692 13
730 376
749 44
308 278
381 1000
38 395
97 589
541 288
210 852
566 669
236 16
194 229
437 807
544 123
674 754
363 159
202 19
226 632
972 499
518 931
669 525
670 894
32 958
567 710
913 987
888 387
662 702
938 574
61 317
928 486
451 641
639 240
433 952
550 355
594 563
794 145
239 547
886 267
600 160
488 666
892 920
197 62
490 456
842 165
571 481
609 150
774 710
922 125
462 178
300 825
376 47
374 590
278 768
725 734
31 72
253 232
520 671
797 897
764 724
585 511
90 519
871 865
964 5
879 362
111 988
315 747
450 270
198 944
414 141
436 845
38 521
534 642
536 821
154 726
447 79
459 437
385 522
663 859
941 533
621 513
747 206
328 556
985 335
707 674
461 496
669 139
392 201
194 45
360 221
865 928
901 456
759 260
227 143
35 960
899 555
259 648
216 369
26 645
544 330
462 853
696 117
717 993
460 398
298 305
541 147
563 455
545 848
967 89
753 981
971 26
574 197
759 219
672 93
279 607
921 986
827 699
458 10
691 472
162 790
587 219
610 152
900 308
459 684
982 600
306 217
978 743
649 605
546 995
782 675
896 798
643 123
184 884
741 836
944 554
176 644
603 879
362 211
235 355
914 698
310 339
704 234
742 374
407 539
128 828
379 892
567 889
642 80
186 212
686 153
210 46
289 657
112 724
645 988
280 896
867 836
742 80
784 368
822 472
145 810
542 971
961 90
671 237
603 299
722 183
281 395
873 33
358 683
987 57
146 237
699 877
683 288
629 740
607 776
346 82
494 202
242 35
560 388
674 148
747 822
911 161
473 333
971 506
393 140
233 589
531 882
205 403
65 772
637 469
588 208
223 63
995 174
905 186
230 841
1000 376
449 22
892 318
899 916
458 332
593 767
249 321
302 437
229 763
394 768
108 508
221 699
522 516
451 47
31 686
303 981
400 348
934 793
368 160
939 693
523 946
139 761
620 502
269 118
832 238
689 555
546 916
70 98
110 975
607 281
990 147
884 690
473 709
25 268
253 846
442 239
689 870
652 110
67 534
619 485
547 256
415 208
608 786
36 283
510 214
580 472
254 219
573 605
739 276
447 336
712 959
833 721
15 572
665 495
667 649
486 393
103 656
555 313
223 607
100 490
199 486
381 415
517 909
973 251
242 71
704 848
890 683
838 827
640 456
133 5
7 926
368 256
367 826
406 934
208 857
338 936
716 711
895 668
833 578
421 235
761 664
613 647
763 102
543 876
506 5
677 442
92 846
415 483
790 651
946 397
605 648
787 839
994 385
322 895
786 501
182 746
883 907
147 597
331 464
994 112
978 909
460 692
212 53
602 637
516 173
867 371
762 135
581 449
672 355
446 882
840 709
287 330
897 514
625 389
58 526
594 588
791 106
878 87
323 638
106 882
552 104
261 517
438 861
130 2
614 410
637 603
362 43
474 609
534 187
791 328
940 646
172 280
391 62
488 605
803 134
415 180
274 154
526 498
30 614
483 834
659 839
816 644
823 72
185 972
43 410
6 802
319 313
727 428
802 757
916 205
537 16
963 234
231 626
548 432
72 457
30 204
189 654
836 395
603 384
894 641
896 32
110 240
561 295
142 687
768 234
751 105
424 607
855 98
389 801
485 598
986 205
15 69
199 232
961 672
844 227
772 320
191 388
85 242
569 204
518 759
319 544
1 917
146 150
347 827
667 344
250 34
700 640
866 248
922 646
889 329
986 513
787 976
914 400
221 276
26 354
725 164
874 558
446 927
952 512
936 389
24 895
251 160
481 56
10 830
799 498
981 507
339 301
987 882
588 563
516 272
795 331
522 789
796 544
219 788
940 865
837 475
335 163
528 477
305 84
269 753
328 179
165 544
918 230
956 301
957 580
462 34
67 750
283 957
512 609
241 807
202 551
96 46
465 415
266 216
954 173
112 824
833 980
686 348
589 472
586 528
664 890
404 61
462 367
266 58
52 495
223 518
115 393
685 877
465 202
581 684
894 834
685 69
133 955
850 703
262 849
267 557
57 113
117 801
959 112
835 190
998 734
602 223
656 795
492 459
720 110
556 764
740 97
652 963
178 630
786 889
184 219
402 110
331 92
167 306
869 724
318 170
29 269
820 40
513 576
623 421
971 140
496 236
471 777
184 313
921 768
79 552
26 420
977 652
616 348
13 874
929 609
972 385
956 798
60 203
555 444
653 858
486 757
676 397
398 911
644 931
573 3
283 349
925 902
876 180
490 267
106 529
267 837
634 386
706 535
343 860
297 570
525 66
433 42
785 285
325 492
73 3
790 110
461 668
297 587
851 108
49 26
984 651
37 521
519 757
480 506
63 521
836 783
411 341
931 21
269 614
953 557
422 920
116 133
561 16
48 173
230 133
253 124
89 691
54 119
408 101
236 454
858 485
231 549
328 796
845 809
475 972
793 487
834 653
521 88
103 764
824 395
437 440
440 404
427 254
887 609
3 66
68 523
91 954
547 708
62 105
216 409
800 622
21 780
566 568
393 383
494 519
846 728
761 620
544 454
504 515
640 7
394 769
787 810
751 613
39 617
886 180
763 187
759 689
572 387
195 347
536 665
494 865
558 602
398 900
691 55
453 696
943 149
68 430
625 408
478 452
814 162
671 767
283 726
835 901
875 80
474 795
149 769
406 827
898 56
791 295
79 241
373 468
836 988
837 37
395 30
641 730
474 573
662 48
957 908
941 7
391 106
253 175
272 498
715 934
664 916
730 127
3 610
152 168
760 61
832 730
358 362
345 697
585 464
550 884
936 552
650 378
278 555
561 141
283 573
46 567
806 873
916 153
811 965
431 924
803 297
931 508
590 163
918 746
996 222
372 592
422 810
512 50
55 605
281 640
470 658
531 800
830 300
208 971
664 366
498 956
523 533
764 423
288 66
290 912
187 820
691 687
109 490
942 964
321 14
618 812
622 940
715 250
751 520
735 247
995 90
905 135
14 458
753 924
860 912
196 844
985 193
198 246
736 713
643 263
723 565
463 246
691 19
361 916
896 953
719 417
121 116
619 372
178 469
144 205
364 424
537 554
741 778
278 24
88 282
567 898
219 560
510 17
438 850
494 621
944 755
508 530
903 269
597 196
762 457
141 530
153 508
941 107
656 485
159 178
492 909
423 377
870 34
105 100
638 94
803 487
916 206
817 137
104 812
727 284
56 975
333 839
25 980
262 987
232 240
216 789
427 169
321 430
323 360
787 313
547 7
80 83
498 254
635 899
621 684
17 582
398 453
679 76
437 353
518 458
970 316
713 818
609 865
422 78
170 511
759 467
192 603
100 892
191 391
431 500
986 893
380 476
843 988
536 900
459 983
5 463
658 491
75 7
153 721
406 685
852 981
212 372
153 578
939 623
905 467
746 237
13 214
621 129
147 479
972 493
900 338
957 415
527 925
308 933
611 108
349 207
887 627
636 689
643 1
862 407
402 701
23 227
55 661
942 15
357 597
490 54
429 89
802 533
535 245
757 389
794 433
130 307
600 448
818 267
496 841
244 415
543 175
12 293
395 439
474 126
699 101
892 696
729 958
732 491
73 674
20 927
646 831
261 467
120 387
449 595
211 556
58 185
489 707
822 143
254 605
477 62
774 34
426 180
137 447
324 555
146 311
529 50
939 777
460 91
483 138
66 510
255 918
346 926
447 208
882 124
954 593
761 885
459 562
940 931
360 878
695 714
665 915
587 366
381 793
511 862
960 700
317 497
264 227
775 557
937 722
939 570
999 586
31 692
816 828
145 49
420 893
634 161
28 362
749 304
813 725
74 504
112 187
296 50
499 589
944 974
83 266
365 836
770 838
918 310
421 742
26 246
745 758
410 73
287 269
608 446
153 233
927 743
230 457
515 183
789 444
250 532
763 721
84 646
177 44
675 317
387 601
782 597
907 158
980 440
563 720
875 802
474 713
352 165
7 49
279 716
729 873
695 68
418 16
148 249
10 230
410 700
430 699
698 75
203 667
148 104
655 539
492 763
613 173
523 189
817 472
591 602
632 425
744 163
228 28
357 368
939 215
547 640
591 715
117 772
569 41
3 408
720 75
612 73
612 10
855 823
547 304
203 180
956 622
4 931
464 664
981 909
730 143
397 332
73 476
660 694
556 519
575 293
230 990
74 314
860 909
517 508
852 781
675 780
88 114
403 273
563 429
536 666
166 373
955 929
464 853
709 533
213 966
344 139
307 257
680 805
878 968
832 698
349 134
991 363
451 273
154 404
377 630
635 181
808 137
662 868
956 1
11 658
261 565
844 974
614 508
795 306
391 327
486 67
779 440
640 144
224 190
318 792
210 897
715 968
292 879
558 478
49 150
237 745
606 626
883 267
295 447
888 115
907 11
110 504
827 304
280 13
906 864
985 840
180 750
309 398
402 608
681 891
538 660
409 600
194 990
410 771
971 698
733 567
585 683
55 559
591 393
794 941
707 132
661 837
473 318
589 88
493 195
683 415
631 509
423 152
483 373
657 760
968 967
406 348
418 504
169 934
760 617
134 484
503 31
603 245
264 357
795 519
647 542
925 408
963 733
271 314
493 886
893 70
812 780
333 973
355 109
946 568
963 618
476 687
425 127
182 823
969 634
633 709
498 750
562 763
251 426
880 26
398 981
75 888
645 444
633 694
174 892
213 986
880 105
109 601
240 776
939 800
274 945
16 505
594 586
906 517
406 194
192 218
980 778
693 950
396 492
486 665
831 319
993 40
348 68
158 733
732 226
367 329
520 742
284 787
620 559
383 979
243 68
7 121
86 530
586 736
38 657
741 483
305 490
346 246
897 238
846 187
974 492
120 471
971 678
437 78
720 358
574 513
298 772
686 659
431 544
569 391
894 12
975 883
445 964
686 770
156 281
768 155
454 530
649 392
8 256
669 85
485 596
233 523
597 435
946 589
503 144
18 56
511 677
190 842
818 531
636 782
711 220
914 126
411 24
753 959
2 982
238 45
562 671
853 492
965 738
530 65
295 772
844 673
226 136
482 894
322 663
568 739
219 174
553 113
205 830
443 905
596 177
282 57
781 33
947 265
987 884
71 385
240 643
867 510
567 993
794 884
685 278
615 922
72 811
435 763
510 157
520 563
103 278
270 919
110 598
935 884
386 444
401 949
278 609
485 35
12 437
112 905
168 651
300 376
155 696
730 709
966 973
328 881
259 604
555 498
186 371
760 852
376 605
379 270
52 408
651 622
983 507
551 215
789 686
96 731
575 221
137 15
674 254
161 401
808 820
19 47
226 761
152 716
373 582
100 130
289 309
40 621
792 412
521 255
495 809
639 826
455 497
437 614
518 721
83 958
655 408
89 81
182 950
346 544
256 856
598 210
857 84
691 493
382 601
58 883
221 973
250 719
540 95
541 434
156 848
901 891
252 777
680 842
828 194
568 808
120 663
942 334
568 767
531 501
574 437
671 517
272 91
715 705
373 333
581 296
74 724
158 635
89 888
243 804
386 382
675 316
625 685
3 507
172 482
335 822
604 509
913 512
950 886
55 439
917 456
955 141
314 127
520 702
119 736
263 74
836 152
181 461
867 982
863 886
744 390
561 240
798 231
232 186
312 475
531 552
146 630
863 903
440 295
756 373
561 833
637 54
773 316
686 715
393 32
437 311
521 316
777 138
449 457
527 370
694 556
207 822
523 491
397 762
548 910
169 875
425 241
812 523
301 914
655 79
624 647
491 368
808 590
237 396
937 366
422 230
873 668
86 339
913 245
911 870
201 555
863 121
41 50
528 972
395 711
783 344
307 403
382 629
956 828
175 136
777 688
986 711
408 745
811 875
14 697
1 622
274 602
390 600
482 921
176 724
45 397
666 411
260 680
573 376
462 233
990 38
282 275
376 106
49 4
785 392
538 64
941 5
522 476
249 574
305 380
270 766
182 26
354 951
581 832
875 559
56 565
110 360
609 671
612 554
13 79
815 919
279 945
427 85
971 701
581 470
223 600
142 397
8 519
599 941
301 682
195 443
217 663
256 341
76 366
441 991
725 631
318 439
835 235
142 833
312 108
95 803
61 655
208 114
769 538
341 930
189 299
745 754
85 234
895 665
198 443
15 147
882 788
943 375
981 928
880 317
950 869
621 757
41 413
740 281
43 571
796 27
523 757
931 677
431 48
240 43
341 291
586 933
148 697
481 416
432 572
943 58
417 722
416 565
44 665
339 943
909 71
749 648
202 477
761 74
101 681
448 885
323 611
35 311
365 784
149 803
25 493
541 781
571 310
185 759
58 367
844 834
943 638
253 192
63 479
462 116
559 590
817 687
874 28
513 354
401 968
533 879
92 241
789 213
385 151
3 576
172 57
603 250
229 440
869 301
360 297
203 725
975 687
323 76
569 676
732 432
860 381
868 33
76 428
183 456
136 250
581 693
289 93
966 881
514 140
132 509
298 773
831 189
635 532
945 554
214 145
750 455
734 840
713 78
506 723
511 446
454 531
863 765
422 509
761 863
668 509
967 851
604 527
588 132
881 406
403 288
968 338
144 720
90 308
860 848
539 505
811 380
815 348
467 450
104 392
735 213
60 435
517 456
827 9
247 799
231 442
245 882
132 550
257 197
895 864
142 264
692 70
445 361
143 998
205 829
666 305
498 971
374 672
774 811
837 217
175 422
896 677
967 155
372 48
62 812
598 738
818 489
604 363
606 809
572 905
439 130
185 953
6 995
305 218
183 153
279 682
16 564
56 655
509 971
625 994
2 717
495 8
354 908
171 351
872 736
565 643
432 769
648 721
413 39
509 670
650 18
389 462
176 41
927 578
534 992
9 251
483 140
798 821
678 735
332 415
226 758
463 711
299 366
88 715
910 258
307 875
99 246
523 607
191 421
468 798
530 369
968 766
364 927
130 611
458 340
393 455
330 874
717 622
739 10
614 906
942 621
213 191
730 459
877 360
934 241
987 237
860 149
790 400
834 543
575 630
120 664
597 906
546 908
620 29
325 183
507 700
239 657
784 681
764 259
504 166
913 852
819 27
292 151
168 157
631 556
899 140
961 576
396 437
573 184
935 864
2 28
837 78
305 117
180 839
14 879
117 417
379 349
742 453
335 817
101 497
358 498
430 991
642 223
382 500
239 341
22 293
261 531
478 811
483 671
210 189
16 910
419 475
681 908
465 923
565 630
693 417
31 334
401 801
453 760
592 572
590 987
93 513
405 901
264 615
318 702
805 218
927 768
608 182
954 942
665 305
833 727
318 265
600 794
360 31
68 848
490 382
937 657
369 471
385 618
962 356
377 828
92 734
301 726
408 544
109 269
163 653
699 591
494 185
721 139
522 972
760 591
872 9
194 13
33 137
18 351
950 636
347 553
21 700
811 422
194 167
673 473
368 375
666 770
26 741
935 322
126 818
17 302
277 788
369 787
194 128
835 586
618 838
485 845
144 951
776 60
13 466
65 427
503 633
342 569
790 461
458 42
41 66
761 339
615 600
903 594
645 471
350 359
634 50
7 563
814 161
764 244
925 792
903 425
753 561
790 158
279 415
410 218
72 789
403 411
610 269
918 50
921 206
723 86
240 635
836 991
641 735
474 568
646 584
645 939
174 397
675 424
458 870
133 572
336 696
667 540
393 647
346 353
310 204
270 622
567 492
795 63
112 978
521 748
668 837
336 486
376 551
268 960
533 413
884 391
341 908
432 600
825 983
129 984
649 257
647 378
704 852
959 36
670 169
621 709
215 788
129 420
96 644
707 801
946 724
83 461
638 588
843 676
91 923
256 628
740 36
601 986
913 438
290 943
493 884
730 253
481 596
635 183
653 556
604 316
74 717
666 905
758 307
743 677
111 360
411 62
711 139
325 988
752 376
951 952
12 343
471 818
614 296
995 940
47 3
109 966
807 517
847 744
369 537
135 732
355 474
589 587
305 753
876 104
472 350
2 307
330 132
297 341
995 650
545 751
451 680
967 814
923 342
266 639
699 271
221 95
850 369
460 997
466 102
230 407
823 166
805 919
700 147
495 785
847 146
324 239
183 180
458 247
390 502
659 843
793 17
578 777
971 919
357 242
475 107
385 263
205 446
868 706
975 686
137 678
360 441
620 719
661 123
484 90
986 260
509 761
220 567
850 727
800 576
454 641
73 886
720 247
705 581
100 25
200 908
692 325
366 885
62 85
7 588
30 759
330 661
523 562
13 608
576 756
649 104
963 584
861 749
576 611
795 771
354 81
139 807
529 339
583 928
160 758
207 384
94 119
369 948
317 204
108 87
951 525
53 754
298 207
800 345
804 305
516 141
349 204
421 719
904 743
88 330
861 849
454 265
704 20
207 67
541 895
137 618
864 362
131 839
315 34
813 351
228 705
887 914
600 340
818 183
33 981
250 597
182 310
37 529
404 884
480 466
282 328
582 311
710 888
415 148
606 697
665 137
296 548
337 328
232 418
893 819
823 936
864 39
93 651
689 396
140 636
480 561
987 64
903 149
668 798
6 157
815 875
154 672
780 940
879 486
439 577
997 87
963 91
768 91
551 832
55 529
332 186
461 282
301 753
52 265
808 935
271 41
466 323
898 837
65 829
354 561
784 868
433 138
508 128
436 142
131 440
42 5
578 499
1 590
303 222
949 328
648 253
639 227
27 232
209 653
865 143
263 1000
368 42
578 149
929 613
969 560
79 677
635 349
50 493
417 982
67 989
961 805
505 481
434 927
87 955
700 390
169 346
5 996
413 367
676 367
548 766
945 378
853 593
508 742
988 312
395 873
495 984
337 394
184 819
909 880
586 76
349 391
475 260
918 134
442 71
261 641
558 105
172 476
29 613
410 409
286 364
414 417
387 758
520 672
817 872
45 910
470 904
111 910
489 967
276 433
981 860
578 881
904 359
231 545
220 278
846 70
484 131
780 592
103 619
215 45
864 801
829 785
856 881
996 181
856 992
124 88
380 178
474 187
534 909
294 358
885 951
263 665
640 400
825 148
876 708
789 561
855 969
761 790
119 68
420 559
540 872
812 517
961 453
579 786
709 879
110 463
861 676
97 543
424 313
730 207
964 879
934 131
518 283
297 94
191 702
602 755
330 30
313 804
435 377
459 991
477 974
853 275
461 602
297 393
572 781
691 217
100 987
197 96
986 827
258 132
101 516
28 670
430 798
527 756
107 383
474 918
664 762
404 957
623 720
514 803
779 429
822 671
239 507
974 242
991 808
154 966
158 902
106 479
452 231
812 135
693 388
831 586
959 321
318 347
944 230
30 111
538 110
472 679
328 651
39 231
371 751
547 720
640 94
513 960
626 843
665 701
483 767
412 170
524 383
56 132
517 793
688 505
137 69
857 470
394 636
161 351
801 444
812 602
621 486
514 928
397 284
459 846
630 604
407 327
709 835
639 646
400 415
717 932
701 319
114 763
26 617
964 997
981 31
912 634
753 912
807 695
501 186
119 230
892 573
360 444
256 945
524 574
175 174
344 874
683 651
591 353
430 88
178 465
3 134
991 729
540 423
514 262
472 357
813 378
117 157
727 724
432 475
54 870
755 535
184 928
847 47
640 814
687 406
289 535
571 185
392 776
18 682
327 840
453 413
846 412
54 865
534 265
684 225
585 295
519 108
133 817
650 493
85 584
906 39
314 390
429 868
800 577
581 580
727 93
307 627
271 980
533 289
347 370
388 784
947 515
693 43
592 946
755 286
86 76
753 193
459 122
367 605
273 80
307 190
933 862
289 194
539 507
578 31
709 807
247 872
579 971
574 211
761 552
647 797
910 241
515 643
771 301
679 396
44 857
704 25
303 904
16 314
325 832
182 274
681 56
882 619
352 738
259 110
300 642
725 175
343 595
507 658
952 517
546 985
88 331
445 857
615 833
482 607
28 599
36 122
37 399
212 987
408 449
566 43
747 230
784 108
694 483
427 700
45 5
376 164
802 896
749 797
415 104
996 606
79 346
836 167
751 468
864 56
152 228
957 801
917 147
320 949
651 75
431 995
217 563
60 975
6 45
561 858
985 566
416 503
750 374
508 101
459 427
441 932
418 680
312 183
580 502
994 943
124 164
161 406
670 321
389 238
427 439
713 978
243 677
665 919
845 74
27 400
136 67
658 440
416 947
324 836
933 882
146 100
182 241
23 351
298 458
433 609
434 186
917 831
38 312
61 121
779 818
946 289
490 741
917 928
208 758
374 275
657 35
876 177
288 586
409 234
193 579
936 245
336 801
841 184
295 643
674 865
426 830
463 377
546 735
710 970
287 47
89 812
453 307
319 414
936 900
966 755
658 704
181 482
926 286
232 415
529 565
803 466
253 119
695 64
880 719
475 37
404 111
310 14
285 316
72 439
917 183
519 39
11 276
964 50
226 931
529 523
797 306
446 192
376 636
919 771
405 37
404 316
985 643
893 282
696 842
697 247
60 817
226 553
632 540
851 890
820 235
570 990
661 517
366 373
773 219
229 515
929 949
269 428
649 86
647 583
65 143
928 11
471 955
402 222
352 989
495 632
105 815
839 108
108 506
368 87
728 279
66 898
140 445
530 117
112 76
679 596
574 378
981 348
144 855
877 475
199 755
828 225
286 653
624 70
610 41
671 762
166 730
371 404
813 277
395 132
892 990
235 325
73 34
645 792
304 674
922 191
491 49
949 742
586 224
474 518
665 215
779 363
447 713
72 245
102 913
656 269
486 304
949 952
989 568
797 357
634 825
964 234
602 231
327 538
128 500
774 95
906 47
532 101
436 946
955 598
43 112
560 422
122 539
927 516
533 381
702 284
744 18
981 843
892 122
820 207
738 197
96 885
907 663
104 256
640 748
436 327
795 904
523 665
35 879
454 871
256 660
152 805
706 404
386 725
30 970
916 943
437 460
709 612
31 648
456 534
363 678
735 912
312 538
193 489
586 320
496 358
649 526
745 801
47 355
303 725
676 337
573 245
531 176
280 514
10 663
840 602
827 820
644 646
442 282
210 974
508 559
144 446
115 887
996 861
913 572
614 484
239 286
441 467
349 682
116 75
723 485
433 90
229 340
176 928
861 271
111 848
871 890
452 196
988 950
699 205
423 453
138 119
107 934
91 61
592 518
270 507
272 768
497 215
663 844
868 802
996 255
445 893
533 869
603 55
696 659
552 855
55 956
557 474
907 759
412 143
358 855
276 942
425 300
83 840
673 22
432 676
604 522
702 139
189 332
427 475
191 386
838 571
30 516
125 666
385 995
523 645
579 845
290 800
921 814
667 350
232 649
143 717
421 491
577 77
636 1000
804 684
539 137
867 260
761 265
283 375
362 452
252 848
424 191
762 165
266 654
528 600
567 588
325 97
951 301
239 751
171 775
279 336
616 802
329 621
866 254
400 983
993 72
704 133
57 990
379 873
384 379
695 3
120 59
421 811
908 390
323 894
567 131
646 534
220 417
181 501
953 388
715 869
220 413
974 206
885 413
428 915
306 850
8 996
116 845
68 1000
879 480
521 554
629 521
81 99
377 284
64 863
67 16
488 123
732 262
630 985
665 715
852 993
142 653
803 629
204 510
811 46
632 513
359 802
52 186
34 669
311 927
919 732
591 867
151 566
815 543
717 558
55 546
77 682
137 146
407 281
464 689
427 455
212 695
683 790
422 254
616 307
672 229
433 535
327 183
19 382
496 113
316 196
298 459
861 584
777 550
195 833
235 796
252 918
201 668
588 792
803 204
118 75
341 298
675 996
469 403
930 903
455 672
314 596
192 120
236 273
588 766
313 1000
151 472
176 556
255 132
40 459
477 138
619 97
303 626
878 548
325 470
596 304
793 828
101 639
159 83
918 132
923 574
124 551
430 994
34 283
756 44
97 377
259 385
798 457
121 627
728 517
859 813
533 164
326 738
292 598
918 998
928 866
926 429
983 196
660 281
737 442
96 302
774 225
816 238
501 989
510 648
600 878
180 646
162 153
347 159
150 702
289 26
381 500
384 818
925 109
561 918
694 810
454 719
384 673
901 388
775 495
389 176
550 351
360 800
207 772
398 390
19 79
95 856
513 565
21 790
981 904
618 818
273 953
716 107
312 801
477 697
614 986
705 990
967 525
964 873
606 398
232 828
350 72
378 913
731 927
26 723
638 754
84 227
265 911
35 545
808 255
735 972
757 772
465 908
764 234
546 943
340 452
624 71
476 260
650 849
772 746
904 673
616 747
954 661
692 512
876 293
684 624
595 311
121 188
303 534
657 699
572 989
594 901
810 838
79 255
248 57
395 20
949 741
676 99
163 48
914 808
55 102
324 928
502 721
520 719
525 322
187 975
475 147
917 488
385 143
404 157
650 661
561 54
855 332
547 103
710 721
949 903
567 120
399 410
519 226
498 355
546 309
676 720
436 669
402 605
383 792
422 664
149 304
561 317
358 590
332 877
228 174
376 665
910 556
414 863
952 354
200 455
38 987
303 461
30 271
812 195
91 879
313 281
575 17
81 341
726 135
26 672
233 530
440 148
718 501
925 403
378 352
51 314
709 850
452 967
463 319
994 694
556 593
522 705
640 668
588 66
250 680
970 270
554 193
131 144
49 527
658 163
182 749
457 290
991 293
207 330
172 454
306 9
955 95
40 101
416 812
188 37
836 649
374 344
840 716
639 196
287 307
145 286
844 920
406 199
147 839
304 441
129 290
554 517
774 722
558 197
740 808
979 112
27 655
675 363
73 477
445 54
976 681
444 707
468 472
67 648
219 856
340 924
125 386
110 558
236 797
646 698
224 957
116 251
83 616
361 244
535 605
2 660
850 546
225 581
744 435
888 815
836 99
272 558
582 635
968 187
760 100
223 555
19 385
65 665
197 696
39 133
404 262
650 122
450 196
159 764
637 299
9 195
375 130
988 30
768 144
665 520
60 264
677 613
958 22
961 274
322 300
270 52
18 53
751 709
347 643
518 750
613 676
429 749
891 974
770 683
700 552
939 468
347 909
435 149
57 651
942 708
212 481
842 700
752 246
148 841
809 113
151 70
641 856
697 964
629 257
352 339
943 843
106 974
362 340
420 436
890 980
969 85
849 767
266 993
883 424
775 800
376 166
448 627
861 481
713 153
48 184
395 921
845 941
663 540
392 693
564 811
171 355
498 427
171 339
635 726
911 439
534 666
629 520
208 220
725 969
372 615
689 355
200 432
212 867
680 990
307 593
623 95
285 37
775 268
268 796
488 282
161 404
750 86
644 455
525 207
534 855
351 393
887 203
583 722
125 716
146 467
184 226
170 477
378 152
554 103
772 434
591 896
208 695
401 336
799 923
284 244
731 517
678 439
865 523
919 274
117 366
782 683
688 880
438 720
972 440
442 671
973 849
978 957
580 921
174 846
213 812
833 512
996 523
593 966
616 609
204 74
970 56
273 280
59 267
442 497
424 156
559 462
227 593
357 738
123 896
550 647
537 740
455 961
631 552
706 897
780 440
179 515
47 545
831 863
822 694
510 14
172 462
224 7
284 801
230 45
747 341
840 369
306 533
245 544
581 966
432 195
401 375
695 66
552 724
846 474
413 229
497 956
854 592
177 738
181 790
608 330
826 241
954 938
350 723
224 579
302 918
160 955
74 785
972 826
20 159
223 496
370 100
319 941
964 406
909 973
76 214
919 882
167 233
320 544
797 82
688 598
772 368
954 639
829 609
743 991
835 272
817 781
316 984
821 205
753 143
471 964
311 787
682 133
792 509
647 577
744 982
327 5
365 338
414 644
5 257
73 440
47 250
748 789
217 235
491 260
794 464
8 446
666 544
938 845
499 785
388 302
490 839
549 981
1 839
791 888
773 669
614 773
448 607
69 368
911 515
364 300
607 240
957 449
151 398
121 97
504 855
469 551
623 890
918 468
478 463
889 100
89 620
400 897
847 423
141 406
129 374
701 702
196 442
325 346
846 276
962 785
64 732
824 882
767 818
576 518
333 199
486 765
471 70
440 746
438 437
497 975
557 65
577 771
119 624
694 122
337 951
589 193
388 936
817 510
379 205
416 305
295 638
533 266
72 920
276 805
544 573
835 238
195 335
693 212
473 433
368 681
61 650
996 59
319 854
358 824
470 454
772 340
298 223
670 335
268 955
74 614
630 595
189 151
852 585
870 834
251 322
900 438
829 359
258 537
924 93
760 993
54 170
60 283
761 386
902 652
482 229
250 121
930 861
843 228
559 160
338 484
670 779
491 14
24 875
331 601
649 524
176 614
340 473
268 78
879 820
671 728
893 600
974 907
923 475
529 832
608 839
736 268
989 86
292 826
644 535
996 726
524 125
317 729
983 568
859 630
236 911
845 567
779 393
580 331
582 489
305 403
785 649
437 182
157 311
603 363
39 155
306 831
113 731
647 436
996 362
779 196
68 773
968 779
879 73
327 760
698 508
721 53
538 613
392 327
679 747
229 790
836 258
251 802
309 142
744 225
837 888
922 940
125 950
532 234
901 475
554 941
530 503
716 462
773 17
941 859
947 802
414 741
294 911
117 536
852 621
468 886
565 256
143 350
956 643
994 458
961 51
251 479
557 491
680 709
878 680
165 3
781 377
348 738
353 156
960 484
335 484
230 263
904 404
179 776
363 39
936 397
978 760
406 113
619 246
636 712
749 615
793 693
352 451
596 46
62 838
732 958
434 729
111 547
184 976
888 356
542 683
300 818
392 237
309 524
917 333
899 334
22 419
173 77
232 535
267 8
676 932
951 98
662 243
166 962
150 455
283 802
140 745
548 254
72 15
920 381
461 931
449 423
102 863
305 447
513 242
860 175
589 423
755 899
685 980
33 277
205 47
225 721
544 903
318 278
870 291
928 550
217 673
695 396
663 850
640 25
285 153
75 365
759 287
585 56
688 575
677 536
18 135
792 482
118 316
355 90
449 1
485 707
221 573
97 759
717 812
375 308
216 163
593 358
22 545
8 239
374 116
36 709
819 22
527 841
839 171
201 787
112 178
494 828
779 900
601 466
451 727
291 110
785 235
703 308
743 348
430 151
92 370
205 941
116 376
118 666
301 474
653 133
693 1000
709 221
322 919
936 135
476 64
538 199
754 307
462 151
942 157
54 813
71 641
846 313
6 960
137 951
275 545
332 534
906 837
124 656
348 296
794 702
552 765
181 613
590 988
663 912
10 112
121 851
566 69
270 518
381 257
642 621
419 572
871 889
835 100
102 677
160 956
234 613
570 251
994 991
868 996
261 210
894 592
591 720
460 118
243 638
81 367
758 346
639 904
68 627
536 273
613 589
958 92
673 476
363 530
165 360
97 674
423 928
209 604
356 762
867 132
144 541
515 574
218 418
626 487
592 585
638 906
905 306
193 224
708 705
382 748
346 526
16 527
557 996
869 978
620 344
909 407
579 709
502 308
994 212
596 128
746 533
776 143
767 505
788 850
571 578
611 837
996 989
634 430
27 820
301 429
728 935
302 126
710 11
586 13
461 551
248 204
525 414
212 61
430 464
457 832
365 951
32 911
595 422
334 446
542 739
391 205
747 163
710 821
325 345
793 911
352 233
559 688
799 97
382 277
441 293
928 785
31 408
453 380
471 65
883 129
850 970
137 653
582 541
423 19
972 633
112 983
370 167
413 121
271 847
916 16
555 304
757 238
521 608
426 228
431 533
498 109
755 153
294 311
460 11
815 755
178 724
820 859
877 854
739 744
608 437
481 909
793 384
858 5
808 754
860 731
575 96
647 535
264 68
321 149
584 525
549 517
345 31
860 842
644 303
669 876
94 269
612 172
49 956
838 764
490 518
130 727
39 517
227 317
815 164
371 460
123 764
52 688
645 421
630 237
244 600
335 259
134 938
729 204
87 343
456 616
903 726
889 406
818 938
624 101
880 255
532 984
741 818
558 856
519 976
466 464
840 605
287 194
415 409
770 184
166 728
843 752
589 719
1 366
318 831
634 676
965 220
418 881
3 569
180 34
685 205
559 596
139 41
44 429
957 793
797 548
48 109
820 663
52 109
200 184
349 585
78 185
975 693
693 484
881 588
897 231
312 321
974 503
722 372
410 878
630 804
751 3
972 748
67 571
794 904
941 551
484 982
30 478
638 691
986 432
739 600
929 346
470 112
113 917
20 455
419 312
66 5
450 996
12 931
657 546
806 329
961 272
428 819
976 307
763 29
307 51
236 251
117 648
672 75
658 342
784 533
433 633
952 811
827 681
80 550
597 15
304 746
675 973
737 644
130 298
313 864
465 953
853 358
378 838
72 741
273 306
59 481
504 144
107 29
89 570
73 157
291 210
149 720
79 915
227 900
124 824
196 733
823 272
980 317
304 310
486 2
783 850
367 261
719 80
704 311
318 987
779 295
62 929
858 756
287 964
71 813
825 578
50 616
349 471
267 139
557 119
775 960
558 304
211 583
15 639
589 422
807 499
699 234
319 269
1 629
299 987
492 655
864 794
150 657
979 571
484 123
773 449
846 777
24 192
647 296
209 196
6 930
985 683
512 85
18 482
480 881
246 580
47 541
428 753
983 353
821 70
100 633
327 509
841 808
574 774
364 774
660 811
57 281
132 140
795 964
317 408
464 692
524 126
976 961
646 413
672 248
981 98
182 905
131 349
578 238
619 550
691 437
17 102
112 36
848 616
959 652
526 481
639 440
805 22
405 890
862 89
130 270
114 993
157 999
911 606
718 696
149 643
131 904
404 260
36 11
974 593
120 892
78 812
236 562
702 634
67 548
709 125
819 725
605 60
823 229
550 615
422 774
442 64
150 369
667 921
873 380
853 958
516 674
885 461
559 524
339 425
879 27
399 387
920 346
722 26
387 895
85 810
971 485
267 789
941 522
479 614
263 353
821 279
237 944
332 836
190 382
194 869
983 39
342 405
945 7
767 683
100 79
372 756
377 966
945 628
703 916
255 61
812 732
510 937
260 430
959 236
651 567
18 232
695 806
494 413
388 10
960 921
817 924
201 579
753 30
517 83
422 379
776 83
170 334
139 789
86 362
269 138
881 178
682 767
458 197
331 337
169 14
631 970
28 215
169 523
434 90
117 497
559 142
482 846
622 618
701 105
558 978
310 555
692 924
966 23
254 261
753 602
457 101
224 360
386 59
831 927
10 767
376 403
84 972
258 481
222 950
795 266
580 556
620 797
767 222
962 154
646 81
849 672
899 376
166 809
405 495
192 404
301 78
439 192
44 240
63 596
214 704
486 165
551 707
276 483
573 595
244 479
390 415
582 387
768 843
931 137
667 643
711 910
949 821
841 660
219 24
664 187
516 932
302 689
693 304
111 143
729 625
560 459
691 787
998 445
52 351
649 267
800 681
484 898
587 627
842 1000
459 196
63 462
657 641
655 138
177 895
164 663
934 375
489 869
796 332
398 41
247 18
975 508
583 666
181 640
383 703
467 559
143 324
769 829
244 699
636 849
250 20
412 363
183 921
164 452
442 738
820 37
924 462
47 9
529 506
438 670
700 357
265 936
657 94
655 264
821 739
970 239
681 80
221 439
259 134
61 302
905 664
746 630
567 612
828 112
794 128
852 126
103 4
692 743
970 961
240 750
463 396
893 711
175 632
378 628
953 658
475 466
685 187
118 626
585 127
508 410
503 278
42 802
704 347
499 73
634 532
582 348
451 234
167 750
110 557
680 468
93 673
646 697
519 325
388 729
724 517
272 572
233 38
504 363
270 733
617 968
508 239
496 64
368 922
59 772
43 178
642 839
858 341
604 881
660 67
953 191
912 708
129 909
459 386
42 358
220 383
411 551
518 48
886 670
133 990
872 56
946 867
640 430
874 828
989 939
630 659
99 329
83 844
235 633
532 347
929 881
697 269
972 177
991 215
649 146
86 291
454 839
611 86
867 42
709 947
446 683
947 962
71 202
40 806
797 703
196 937
277 747
365 570
696 275
424 20
62 618
71 488
520 846
524 686
463 66
945 455
304 457
984 411
966 95
726 670
927 320
970 997
20 620
849 764
847 409
776 566
710 995
399 648
101 88
628 360
721 570
595 97
980 429
600 857
81 820
567 948
671 109
751 467
348 326
370 266
615 256
585 373
238 365
685 978
119 570
397 778
149 434
251 881
61 272
224 553
759 763
100 84
797 474
19 698
34 806
954 759
830 258
589 169
147 106
322 828
834 727
1000 504
161 282
234 944
660 820
238 792
619 763
998 822
674 984
144 563
790 734
673 272
71 25
570 648
57 571
198 164
611 77
687 928
545 591
968 188
352 643
631 775
814 285
800 379
412 625
927 354
164 242
481 82
102 418
400 920
168 132
74 950
210 771
168 465
926 981
656 132
185 711
439 78
619 450
45 979
822 693
687 263
846 319
666 161
662 157
920 300
850 85
23 621
525 683
174 491
984 947
15 557
54 77
383 915
276 447
349 543
833 910
889 634
46 545
480 112
159 258
271 708
682 701
998 263
432 804
950 442
259 789
996 300
962 460
970 979
290 305
100 72
693 253
906 487
642 653
208 985
544 643
280 802
949 404
308 12
91 948
597 386
466 519
518 282
905 167
815 428
563 447
677 395
550 139
94 279
278 462
99 127
852 935
967 407
528 949
123 357
731 610
224 42
244 727
886 130
598 246
363 195
623 673
57 704
30 637
528 595
35 549
630 429
169 303
61 265
143 262
826 565
199 639
257 924
240 884
991 739
335 79
787 752
917 673
244 139
482 512
49 419
954 422
718 439
97 447
542 737
483 657
250 663
470 716
966 321
913 587
897 846
507 970
777 545
940 804
653 393
492 30
36 413
129 21
888 124
708 431
86 527
396 517
237 625
58 36
702 709
573 707
231 579
328 802
979 517
85 702
656 544
733 526
880 410
209 242
360 98
15 340
787 295
971 514
777 861
838 822
485 470
90 6
74 899
80 240
868 105
941 995
212 533
837 786
939 206
51 12
82 821
321 107
854 63
894 812
881 115
682 100
352 783
481 621
283 211
790 646
28 133
838 754
469 373
805 459
862 244
740 656
232 360
530 82
933 23
60 133
867 239
870 690
856 92
213 993
767 270
839 877
142 423
625 289
956 79
141 684
793 332
317 899
67 816
164 10
274 950
849 774
338 261
177 129
25 501
706 964
102 197
728 820
583 398
73 449
438 219
573 404
741 530
978 452
590 120
546 512
712 744
785 620
764 708
490 2
915 698
409 89
827 390
849 450
632 46
480 299
157 387
227 732
819 810
750 514
253 58
548 527
661 19
162 222
851 509
581 812
784 450
952 634
471 468
589 273
57 384
935 357
662 423
963 100
587 816
514 430
161 830
613 236
794 918
100 433
817 543
897 391
203 952
320 764
873 768
506 731
802 284
363 702
492 474
700 855
807 13
829 565
132 283
298 47
83 847
501 548
428 670
74 566
954 562
811 487
26 693
887 144
119 10
998 779
433 669
285 980
62 750
164 539
597 299
320 265
939 52
618 886
397 395
878 316
165 191
300 660
482 21
744 672
377 313
88 900
587 90
972 400
991 500
386 19
903 790
227 347
389 584
268 271
841 475
978 612
120 644
687 124
411 305
295 816
199 694
168 26
956 83
558 779
672 666
783 702
74 172
205 902
324 644
444 302
317 536
766 761
805 803
76 949
600 347
12 249
353 861
962 805
93 705
783 973
556 784
888 69
807 637
266 207
399 425
861 366
457 161
542 987
910 863
512 666
513 247
533 252
546 676
578 919
797 695
994 839
99 569
544 922
300 256
789 587
694 976
698 415
807 211
295 63
673 235
584 282
731 93
233 330
254 730
475 667
556 864
578 296
467 795
985 730
938 160
441 648
152 725
687 623
7 681
302 715
838 905
437 764
668 328
601 795
982 424
821 870
180 146
109 212
863 511
540 946
428 928
626 337
523 821
908 573
549 829
18 823
517 287
469 912
830 814
635 338
411 364
673 440
930 896
992 613
152 943
24 823
244 914
300 604
783 621
606 64
311 380
790 398
889 76
322 867
805 561
297 551
183 253
712 578
940 690
558 1
281 91
10 571
757 264
486 44
107 281
993 216
450 649
943 574
245 548
914 848
993 841
520 679
225 423
337 173
29 751
836 129
619 275
886 867
37 784
498 376
401 793
258 974
958 519
190 493
410 821
547 940
307 659
436 821
717 484
648 757
461 166
355 703
907 340
364 567
319 343
228 6
100 799
659 181
535 862
591 834
105 759
35 1000
489 848
952 24
476 814
773 86
207 686
523 627
17 294
276 122
259 353
443 524
264 137
284 212
433 566
951 940
950 769
240 56
536 629
482 221
302 304
30 867
786 389
883 955
460 644
154 363
173 445
415 640
787 533
457 410
519 782
792 957
447 819
709 684
726 538
340 449
682 293
299 792
19 748
723 768
615 822
852 100
874 508
748 469
586 8
435 540
956 138
448 913
849 571
46 497
731 349
236 935
440 296
764 673
110 535
456 154
225 468
774 420
668 959
318 608
543 105
431 835
498 34
90 963
271 682
54 46
772 940
895 252
3 781
528 741
507 263
380 15
401 662
897 265
224 611
602 514
228 171
845 109
773 263
394 404
824 289
807 104
427 356
356 326
414 610
695 663
43 788
797 163
436 953
126 967
364 840
315 929
249 504
892 342
900 67
334 771
373 807
545 788
285 529
516 115
772 5
44 876
596 449
479 335
359 293
765 802
60 134
478 141
351 897
230 259
460 92
268 507
911 611
456 619
295 914
726 550
550 368
75 592
59 311
222 769
540 446
296 786
102 250
250 569
362 31
415 43
755 540
228 676
229 948
139 221
486 244
89 878
932 278
607 660
756 242
28 927
785 764
788 693
76 711
348 380
423 370
81 863
707 959
837 288
768 809
882 395
438 405
78 188
116 887
517 183
962 531
245 917
525 579
216 881
380 956
73 540
293 979
426 308
959 354
608 846
390 155
837 578
150 891
457 886
228 79
618 691
548 666
460 42
479 862
480 49
455 225
916 654
694 646
787 32
402 126
332 451
460 264
721 338
617 411
981 986
895 676
181 738
167 403
772 283
139 974
571 963
739 25
264 321
619 575
946 421
88 901
948 299
610 790
664 639
518 525
31 618
197 382
640 923
843 132
258 272
207 309
725 168
691 120
966 194
512 606
37 342
522 715
849 976
978 756
64 92
947 275
785 156
991 219
84 440
645 696
978 647
576 368
782 579
831 536
201 38
679 969
370 727
171 906
192 431
792 616
666 75
426 724
927 96
831 551
235 400
720 752
205 376
98 904
997 748
301 805
698 203
182 40
590 853
550 206
776 997
873 423
509 947
368 809
93 564
353 519
814 524
929 358
739 667
3 837
578 519
393 929
396 812
95 588
3 978
650 27
924 942
526 654
102 524
289 895
125 997
189 363
377 920
433 990
105 393
143 107
773 224
333 681
815 549
907 614
640 315
424 694
853 195
568 77
696 2
74 698
91 584
259 260
864 170
544 438
619 650
397 430
473 824
807 743
956 675
443 592
668 111
890 171
528 986
670 677
269 244
623 655
938 741
165 976
507 710
37 249
455 670
645 506
577 476
836 703
164 342
273 275
4 612
886 497
357 749
448 775
343 590
291 243
168 134
44 489
390 517
376 489
84 794
358 137
892 945
382 3
832 812
926 618
230 87
415 227
309 620
715 985
718 456
591 122
921 106
262 338
305 253
15 958
256 169
224 907
943 686
552 729
400 614
573 833
349 541
102 895
43 243
807 400
940 247
979 619
270 522
401 681
953 132
312 380
224 600
977 126
195 457
713 516
91 232
418 376
440 416
815 731
157 29
329 936
630 686
918 661
213 294
623 239
394 308
830 399
777 1
706 233
7 652
839 327
682 142
721 428
26 746
541 217
346 667
536 967
151 822
635 19
861 557
170 732
298 425
27 125
285 701
648 511
852 135
356 886
269 105
114 768
88 636
608 594
291 798
453 925
301 58
339 251
124 867
790 6
684 765
611 551
83 254
167 614
617 695
825 546
961 361
334 92
983 285
410 628
219 236
1 81
106 342
197 573
401 772
312 425
718 113
495 440
906 625
869 203
554 693
967 690
661 223
954 843
593 249
225 797
389 508
411 604
858 239
716 469
548 615
678 562
401 550
150 975
234 724
864 547
780 55
656 863
960 977
565 134
89 245
307 170
694 554
848 134
671 997
613 650
999 673
986 796
914 17
934 84
386 726
316 795
65 29
874 797
191 629
675 836
870 145
360 591
288 316
142 139
952 787
257 675
240 37
848 932
598 272
909 411
911 765
550 407
643 371
294 721
655 113
355 453
818 983
605 445
805 43
457 437
442 451
425 663
612 149
672 368
529 25
412 955
586 474
328 422
719 346
939 938
301 397
379 981
451 544
852 488
672 606
417 609
913 676
642 122
609 245
917 308
576 506
357 775
513 376
529 980
380 616
987 432
236 900
628 390
146 771
889 982
232 591
174 438
229 718
713 128
401 966
788 694
770 329
737 282
443 403
651 214
896 287
91 389
882 392
223 640
280 116
48 496
671 168
128 56
368 46
68 770
324 660
641 254
642 593
865 653
711 653
17 929
660 61
932 826
609 301
523 335
228 479
925 47
342 67
346 910
920 849
648 21
669 42
910 300
380 353
293 278
34 594
972 172
919 407
889 909
327 940
579 978
374 242
618 884
514 783
678 26
777 315
173 738
815 215
122 250
877 378
917 803
406 296
923 126
728 214
783 410
472 404
403 998
535 280
359 473
145 355
718 672
738 34
926 877
412 927
71 634
292 101
679 891
554 844
639 119
715 687
2 14
101 580
541 999
159 100
895 430
559 647
295 365
419 344
257 21
690 914
196 14
401 930
770 301
315 609
975 740
23 699
872 603
929 500
646 811
543 329
232 329
676 534
250 288
95 574
447 125
248 503
34 946
287 516
501 740
321 390
765 388
80 842
259 984
385 693
267 537
428 749
378 448
765 308
566 271
455 196
350 938
814 518
968 665
735 285
991 167
811 453
740 485
961 496
961 938
551 447
535 538
186 813
705 971
8 5
524 764
131 321
558 728
298 434
173 710
140 401
967 476
458 60
80 518
374 504
545 588
970 904
748 205
586 304
344 187
967 365
865 495
5 602
514 420
587 166
776 503
779 520
996 904
767 81
163 319
239 520
813 297
554 207
871 503
582 110
487 468
785 264
126 186
455 844
684 538
525 74
577 622
906 620
192 396
28 802
103 222
430 890
740 368
789 162
836 958
46 693
547 112
414 57
625 900
59 826
868 572
150 599
742 221
512 182
836 18
450 501
529 702
490 26
437 233
479 610
461 211
997 993
357 386
414 219
759 555
544 952
564 471
601 445
294 159
332 38
368 345
998 759
929 988
622 31
634 596
80 166
778 299
872 130
446 437
485 657
736 308
19 197
203 160
421 249
904 157
670 484
92 888
632 881
687 867
869 588
457 39
217 237
491 506
369 922
285 700
291 547
148 920
113 413
949 379
227 661
869 814
620 484
493 382
273 365
754 670
867 325
80 881
283 308
691 179
435 497
718 664
848 866
616 722
67 998
358 219
736 503
634 282
105 213
783 865
963 425
224 74
769 141
664 626
721 519
774 523
888 16
742 415
998 117
106 437
159 205
653 610
632 21
708 426
654 784
548 307
169 344
335 573
231 636
898 625
239 81
811 816
580 115
176 361
930 94
314 491
82 639
894 742
553 794
94 698
321 919
321 334
393 73
565 534
91 868
590 334
812 700
685 586
104 249
771 600
821 546
792 432
976 445
640 740
15 228
75 441
670 448
798 533
288 206
809 892
867 50
182 821
430 276
668 80
123 755
79 868
684 97
343 787
420 8
810 624
575 944
524 646
780 280
709 654
502 388
956 57
979 136
356 836
656 165
474 960
148 513
918 101
25 506
577 677
580 524
87 98
430 835
552 485
790 35
138 234
444 619
983 566
845 561
646 546
810 948
560 943
797 910
10 320
733 220
475 244
992 474
479 644
997 839
581 920
767 941
945 837
742 826
458 784
689 376
747 718
23 107
971 594
811 173
243 287
560 491
926 142
411 755
309 136
402 858
55 948
186 581
613 122
835 176
582 943
5 16
557 611
797 453
39 76
865 774
55 858
4 984
854 94
147 816
5 978
958 488
870 960
568 34
493 735
734 800
431 217
624 473
182 849
988 592
365 421
666 610
593 578
924 302
84 179
288 456
588 835
301 406
402 624
729 307
947 228
586 364
865 307
352 362
848 687
278 70
232 976
235 231
328 451
715 721
847 500
408 603
853 579
178 381
362 238
111 515
883 512
420 258
899 449
654 575
384 371
390 313
211 364
81 564
732 218
383 618
367 369
649 746
980 536
140 743
732 912
860 54
783 788
685 957
906 826
444 877
141 779
219 215
445 681
941 356
101 7
794 582
281 553
972 781
925 129
380 160
459 307
646 229
137 59
157 568
695 680
243 537
345 41
118 632
938 79
42 11
460 302
812 539
83 989
506 476
660 679
493 818
947 949
551 271
460 524
486 532
378 901
195 841
325 922
770 569
736 791
297 249
870 750
516 749
726 642
322 604
785 92
127 147
455 664
539 109
140 240
586 384
624 83
92 729
18 724
790 286
23 165
178 398
516 506
679 798
774 770
326 309
395 626
340 654
611 525
102 166
119 982
230 85
512 940
965 14
342 885
755 726
404 786
64 759
8 850
46 331
177 424
548 137
83 608
599 718
211 761
158 912
396 541
401 909
608 99
217 135
578 839
977 284
784 510
253 511
971 828
698 92
292 685
370 189
635 651
488 48
129 856
773 415
495 279
759 554
927 922
94 735
366 32
60 859
557 905
388 834
674 650
108 559
569 459
845 398
422 417
694 733
950 587
646 336
616 121
890 632
854 23
503 191
380 426
53 840
57 889
294 126
518 539
796 404
195 519
471 946
477 689
341 418
913 225
680 756
648 18
388 277
283 489
740 591
743 408
302 166
909 454
378 776
550 504
454 429
710 242
657 6
822 984
53 929
202 429
391 293
709 314
878 823
737 929
719 241
386 167
227 963
981 345
712 609
657 288
344 549
40 318
230 113
310 441
811 644
760 367
940 800
637 682
874 44
768 721
185 961
723 321
135 87
343 697
237 621
964 76
267 820
3 782
906 69
476 332
72 299
882 324
241 340
955 496
719 587
243 258
885 895
617 241
319 121
110 86
15 539
578 764
542 67
122 544
947 561
929 14
252 419
843 704
510 895
578 367
891 220
263 759
934 360
494 467
333 623
562 827
445 149
797 160
711 350
913 419
566 615
83 917
744 825
351 316
674 540
696 60
715 232
588 122
381 980
610 926
188 360
602 935
264 168
925 653
936 806
843 12
937 199
705 35
373 981
981 150
216 16
39 912
65 934
427 315
677 30
1 725
974 752
41 820
49 737
856 207
875 157
322 823
936 39
149 710
166 620
408 576
620 239
386 139
447 566
316 692
288 873
55 45
244 26
763 782
295 750
404 202
96 128
777 673
245 993
817 160
471 99
665 468
423 508
595 791
262 58
560 538
807 346
129 791
65 657
797 320
263 420
765 460
859 11
73 914
55 518
24 234
959 508
599 69
582 797
986 442
109 313
419 843
665 615
795 720
936 840
972 968
844 184
406 994
652 974
564 258
717 796
50 977
669 985
412 422
911 908
894 844
56 392
807 879
709 813
835 638
929 741
753 985
682 471
98 142
677 208
19 474
62 412
356 697
250 164
914 277
183 696
700 262
458 105
23 19
425 864
154 430
784 809
580 449
187 853
174 406
128 700
71 628
975 162
637 927
818 219
603 787
585 828
213 739
862 272
849 759
97 394
407 519
927 476
478 680
318 600
124 532
788 741
736 158
439 775
346 420
7 451
840 172
660 415
970 595
885 612
633 507
413 793
489 403
537 253
439 549
632 189
261 453
445 680
817 349
555 923
640 242
574 36
287 625
314 305
529 534
726 394
160 919
507 448
750 380
695 570
260 289
6 325
797 534
29 252
195 268
507 949
132 251
5 115
82 870
855 801
109 69
875 436
933 919
700 998
437 760
406 633
818 601
804 900
716 120
522 641
464 569
528 846
839 386
236 213
551 270
983 234
313 676
481 282
687 830
965 568
94 88
661 939
335 336
597 45
351 843
554 784
519 806
442 534
683 700
483 633
654 335
827 326
182 570
24 938
114 874
922 911
460 834
979 210
230 360
857 754
343 587
40 436
359 364
957 663
602 806
914 682
990 449
738 294
63 681
965 13
215 482
885 687
178 72
794 487
758 988
651 306
194 699
102 16
938 495
110 639
515 323
793 480
379 618
931 147
44 40
414 78
695 203
552 619
238 274
755 100
883 91
519 25
498 455
711 817
323 240
531 567
272 818
828 863
704 725
530 645
829 876
757 255
761 961
928 299
746 451
302 25
216 688
937 558
25 596
995 480
426 45
389 167
962 235
69 915
964 557
750 122
364 721
436 198
703 128
359 974
824 103
200 769
420 594
261 235
479 433
658 402
198 475
4 729
971 89
298 261
425 420
673 311
552 835
762 913
924 480
898 883
386 787
403 947
405 315
420 22
390 738
357 701
528 743
250 335
468 250
895 189
329 84
438 982
371 497
904 682
300 979
67 1000
693 932
675 745
857 718
141 317
823 289
365 799
170 799
656 202
433 71
325 433
165 536
561 323
214 875
534 30
704 373
667 635
300 128
46 356
660 480
332 504
793 1
702 292
686 308
559 558
375 589
107 551
491 644
595 890
50 701
716 542
205 569
918 522
171 403
285 391
472 690
38 577
411 593
301 669
380 122
950 266
955 608
460 2
333 268
599 17
124 119
515 237
659 356
772 717
954 680
830 479
997 374
838 954
267 755
933 990
716 418
19 114
495 821
403 275
527 458
81 929
490 879
420 630
113 204
352 772
28 19
100 877
363 388
56 348
611 426
577 206
761 537
152 815
815 316
818 256
891 938
486 578
433 598
51 35
786 82
808 422
628 815
494 669
819 611
373 718
415 723
161 912
2 404
991 300
694 523
852 166
853 331
106 576
801 736
415 352
207 194
687 212
891 633
266 757
300 951
666 242
527 684
117 750
664 690
166 764
615 935
176 892
965 52
714 166
969 49
76 797
365 916
60 392
927 392
931 77
749 814
71 1000
236 903
432 36
466 892
448 671
784 281
270 820
811 624
350 155
8 867
447 290
727 444
965 487
823 398
884 694
917 132
935 562
485 833
109 404
671 149
50 673
513 31
450 170
716 61
829 878
43 57
155 899
262 869
907 656
431 566
682 912
919 861
742 596
726 329
479 733
322 3
86 1000
899 657
661 466
498 832
173 940
607 859
485 582
839 379
865 572
811 922
901 84
8 413
262 534
302 547
194 504
503 358
985 483
397 309
934 484
114 643
647 897
796 477
83 749
138 659
910 77
507 976
995 103
905 371
231 425
549 772
75 133
260 785
50 509
550 438
143 580
93 313
868 643
72 748
505 102
145 352
735 783
88 58
773 622
869 138
429 168
119 539
912 142
966 81
658 926
861 165
42 740
884 762
25 299
351 647
770 960
175 437
487 455
474 930
607 173
741 928
157 687
413 581
840 463
569 791
809 90
681 737
764 728
478 681
541 917
525 304
182 189
954 202
516 693
689 47
379 577
362 785
99 862
297 906
997 889
944 123
449 947
968 113
931 327
646 814
439 548
335 759
263 378
731 178
20 29
160 936
937 672
355 791
447 207
431 714
181 959
988 545
845 488
483 187
925 48
751 770
402 975
939 252
136 255
108 747
719 371
868 189
919 436
646 404
960 651
310 620
70 826
880 370
273 100
809 954
957 210
316 222
977 764
688 873
28 202
446 585
51 27
126 765
903 615
571 848
221 727
744 244
616 713
456 600
192 114
490 379
754 712
370 789
296 944
539 28
188 230
580 672
687 140
654 511
72 935
985 872
737 923
684 902
478 619
233 420
947 480
917 760
633 203
745 513
687 482
11 837
712 726
15 789
312 618
510 171
112 630
115 825
988 82
51 438
149 64
97 375
438 783
889 915
384 127
348 288
392 602
803 428
637 800
989 553
495 416
423 391
9 471
85 676
450 355
34 98
107 856
453 892
298 831
6 4
869 36
696 134
588 396
369 450
422 340
425 432
617 164
837 919
994 727
898 829
939 75
426 42
411 658
631 238
949 414
440 991
886 587
748 616
877 911
553 622
312 956
668 169
27 339
299 726
820 28
770 481
164 600
431 494
406 757
852 941
213 245
839 97
848 956
298 405
823 210
140 432
40 228
807 532
101 965
429 974
737 709
399 513
486 784
966 14
70 83
917 570
335 85
83 420
727 855
374 741
184 801
743 201
177 232
965 95
474 922
606 835
40 288
97 433
794 73
173 124
434 616
399 718
220 57
992 66
573 507
520 761
79 374
941 119
140 730
90 605
785 523
298 622
426 571
136 502
907 393
103 562
604 245
841 669
689 337
376 564
379 343
579 625
879 34
599 760
392 340
189 603
137 480
686 370
233 655
143 62
632 579
302 661
263 753
925 221
345 246
590 508
208 842
378 374
565 130
329 682
592 224
277 970
460 368
722 863
463 563
8 971
783 236
161 693
30 830
298 486
84 299
286 939
514 726
791 806
44 873
522 553
65 386
175 205
285 669
465 853
389 751
342 705
190 582
623 816
900 765
620 90
527 574
311 163
88 289
79 903
830 709
724 72
581 321
802 686
947 427
895 33
728 592
182 436
741 907
387 736
390 705
780 121
638 285
384 362
774 603
352 30
447 641
563 744
380 612
434 524
367 350
944 449
140 766
181 486
883 244
365 767
379 533
107 514
402 548
591 348
298 725
971 607
690 947
983 134
824 629
717 470
111 59
223 541
99 515
890 824
745 21
85 604
926 98
73 912
898 707
367 786
785 909
902 251
6 460
190 313
357 296
103 820
108 994
112 172
787 329
243 401
692 330
712 392
329 868
950 646
40 721
259 625
686 892
526 977
201 899
766 530
752 548
308 450
437 738
242 378
142 692
485 726
144 718
52 975
19 254
956 549
445 40
13 996
285 607
623 513
436 477
477 759
4 249
448 483
365 418
791 842
978 975
61 105
379 968
14 289
143 583
883 886
520 230
923 227
335 55
999 820
726 724
620 47
658 780
308 949
554 973
248 302
691 236
72 636
145 752
643 113
809 281
758 212
12 898
68 392
567 1000
261 783
561 313
154 241
192 420
988 216
382 123
621 383
634 704
768 748
953 544
606 682
906 854
291 278
573 660
8 768
150 591
816 183
708 493
565 612
641 60
475 66
605 235
392 526
926 463
358 701
198 934
368 957
609 721
739 670
869 15
894 722
876 969
538 590
445 904
964 420
358 927
971 448
698 264
313 238
556 862
596 979
990 384
307 888
420 681
683 101
997 397
89 128
507 145
807 956
702 82
9 967
428 783
985 510
143 276
844 391
425 23
759 52
192 806
765 899
679 471
830 833
764 646
493 593
919 149
501 70
265 920
553 461
178 58
14 684
739 359
854 975
385 992
273 969
854 147
306 342
328 482
188 854
729 558
838 248
913 727
384 419
193 63
352 87
796 644
266 907
426 693
962 771
893 889
31 30
876 617
371 83
244 451
557 42
585 393
510 394
383 920
393 742
440 327
884 258
135 274
767 759
347 232
777 985
150 693
263 494
737 331
288 303
416 303
787 272
563 354
268 174
958 653
324 639
788 174
527 199
260 263
975 824
31 354
512 184
215 759
94 508
935 158
938 825
507 189
574 949
497 327
743 806
728 453
798 573
251 176
307 194
724 604
592 148
153 744
577 274
703 700
269 130
715 94
695 988
420 818
916 927
666 566
829 458
758 336
338 615
868 71
472 417
274 683
147 587
166 357
848 588
334 971
481 405
640 856
861 970
754 666
369 760
814 320
62 549
552 239
168 216
466 485
909 165
503 770
605 374
143 861
32 894
650 983
596 111
120 928
926 568
141 396
419 54
827 149
745 508
671 780
177 120
305 131
434 617
73 447
42 822
594 779
810 988
334 54
165 958
963 677
619 356
675 86
396 685
237 729
185 966
497 628
764 558
671 34
488 881
457 570
422 516
719 822
707 854
693 407
784 477
159 495
594 444
722 137
523 120
229 151
684 176
362 520
642 582
955 501
544 984
466 730
262 891
904 496
668 633
81 305
503 126
802 499
825 82
241 171
259 532
564 297
582 982
541 341
147 939
593 303
816 522
726 13
817 807
674 936
26 199
276 764
83 918
249 386
531 126
237 353
187 948
991 722
902 747
563 273
585 713
985 167
269 166
911 843
920 114
848 921
655 342
783 397
115 566
255 402
29 551
361 907
268 497
987 971
821 747
92 749
992 547
844 572
44 648
176 528
129 620
766 629
32 532
306 143
474 861
787 676
809 316
671 706
638 435
965 929
205 620
582 170
771 777
625 116
851 55
279 550
562 190
236 897
866 520
25 24
957 959
196 23
822 487
56 642
510 371
239 147
135 436
470 973
417 311
290 63
536 315
815 971
720 78
931 314
716 572
642 955
301 6
315 577
924 721
54 877
979 550
301 622
530 696
346 105
510 700
95 598
820 188
69 578
426 193
544 996
600 928
587 902
345 311
651 149
205 926
366 479
674 234
826 401
77 809
43 985
764 101
198 519
492 352
57 837
320 401
427 471
450 876
90 263
551 406
442 940
739 142
846 758
351 188
152 926
639 681
658 472
622 857
970 454
293 115
469 902
235 812
643 453
401 664
867 744
957 61
580 936
909 442
355 114
641 804
914 272
429 679
866 121
871 208
908 350
696 424
114 837
969 497
36 24
525 76
858 987
560 854
127 942
111 565
239 608
455 871
611 533
957 737
580 620
824 982
864 471
538 24
940 852
407 625
818 312
747 354
694 367
162 308
275 865
453 467
382 459
956 430
618 221
528 237
488 826
779 459
236 884
25 869
297 904
318 546
558 673
684 119
248 706
406 632
512 256
169 675
349 981
246 947
260 495
211 940
296 519
487 875
220 550
294 485
668 562
52 287
308 129
497 195
705 563
777 158
134 269
467 800
543 611
216 480
844 162
501 513
932 866
730 9
363 544
473 96
971 289
386 633
994 642
563 427
527 12
454 776
865 663
41 437
419 434
762 777
543 790
105 830
736 932
716 202
972 348
543 494
667 310
283 1
782 984
355 435
709 544
892 634
625 273
37 227
610 167
761 305
546 927
877 393
620 12
641 945
93 140
420 76
828 65
207 132
212 238
984 383
374 696
478 371
468 455
201 196
996 769
945 197
908 463
505 702
713 97
931 950
714 266
698 919
456 22
883 401
205 645
520 735
723 56
542 540
889 800
926 767
379 636
219 873
129 1
202 585
177 562
944 968
279 735
267 191
508 329
870 288
685 925
48 46
565 583
720 496
689 299
35 385
769 499
509 706
419 550
938 474
663 795
283 317
247 370
